0   0.0000000000   0.0000000000   -nan   1.0000000000   0.0375043076
1   0.0001331975   0.0000000712   0.0002668719   0.1346469468   0.0375048456
2   0.0001452504   0.0000001312   0.0002561464   0.0471365023   0.0375051626
3   0.0001456182   0.0000001846   0.0002480568   0.0269515789   0.0375054363
4   0.0001454412   0.0000002365   0.0002431373   0.0206163388   0.0375058344
5   0.0001460218   0.0000002889   0.0002403807   0.0175857619   0.0375062754
6   0.0001467619   0.0000003425   0.0002389276   0.0151643050   0.0375067053
7   0.0001471103   0.0000003966   0.0002380277   0.0125129213   0.0375071161
8   0.0001475955   0.0000004510   0.0002374280   0.0135623976   0.0375074223
9   0.0001485568   0.0000005061   0.0002371335   0.0120367281   0.0375076703
10   0.0001492210   0.0000005620   0.0002370554   0.0111476929   0.0375079391
11   0.0001497094   0.0000006178   0.0002369849   0.0089967408   0.0375083368
12   0.0001499121   0.0000006738   0.0002369571   0.0085983405   0.0375087456
13   0.0001502275   0.0000007299   0.0002369535   0.0076797424   0.0375090520
14   0.0001502855   0.0000007860   0.0002369454   0.0070842267   0.0375092006
15   0.0001504540   0.0000008425   0.0002369890   0.0064491245   0.0375095380
16   0.0001504312   0.0000008988   0.0002370146   0.0069059682   0.0375098467
17   0.0001503618   0.0000009556   0.0002370848   0.0066595120   0.0375100957
18   0.0001504886   0.0000010119   0.0002371019   0.0057187586   0.0375104524
19   0.0001504735   0.0000010680   0.0002370845   0.0047631534   0.0375108077
20   0.0001503021   0.0000011238   0.0002370422   0.0066559181   0.0375111409
21   0.0001507470   0.0000011803   0.0002370725   0.0050002522   0.0375115346
22   0.0001507375   0.0000012365   0.0002370712   0.0049108527   0.0375117461
23   0.0001507081   0.0000012929   0.0002370930   0.0035944820   0.0375120013
24   0.0001505292   0.0000013485   0.0002370411   0.0033120408   0.0375123346
25   0.0001504501   0.0000014043   0.0002370064   0.0031443498   0.0375127565
26   0.0001502685   0.0000014602   0.0002369834   0.0037316967   0.0375130264
27   0.0001502462   0.0000015161   0.0002369671   0.0036315812   0.0375133569
28   0.0001500555   0.0000015717   0.0002369232   0.0030864434   0.0375136970
29   0.0001498602   0.0000016267   0.0002368382   0.0024589073   0.0375140778
30   0.0001497287   0.0000016814   0.0002367442   0.0031316534   0.0375144807
31   0.0001496411   0.0000017365   0.0002366745   0.0023703495   0.0375148195
32   0.0001495003   0.0000017917   0.0002366210   0.0020974571   0.0375151303
33   0.0001491902   0.0000018462   0.0002365306   0.0021203001   0.0375154174
34   0.0001491340   0.0000019006   0.0002364321   0.0015864047   0.0375157209
35   0.0001488293   0.0000019547   0.0002363247   0.0019631871   0.0375160044
36   0.0001487987   0.0000020089   0.0002362233   0.0013409432   0.0375162466
37   0.0001484515   0.0000020627   0.0002361093   0.0015444455   0.0375165900
38   0.0001481573   0.0000021167   0.0002360149   0.0009318583   0.0375168663
39   0.0001477179   0.0000021706   0.0002359173   0.0014223739   0.0375171795
40   0.0001475465   0.0000022247   0.0002358335   0.0027226593   0.0375173835
41   0.0001478501   0.0000022789   0.0002357625   0.0012477098   0.0375177839
42   0.0001478100   0.0000023325   0.0002356583   0.0010354348   0.0375181046
43   0.0001475106   0.0000023858   0.0002355516   0.0012227434   0.0375184453
44   0.0001474647   0.0000024395   0.0002354638   0.0009448761   0.0375187772
45   0.0001472747   0.0000024929   0.0002353653   0.0017510290   0.0375191216
46   0.0001473327   0.0000025462   0.0002352692   0.0009396656   0.0375193272
47   0.0001472090   0.0000025998   0.0002351918   0.0009255386   0.0375196983
48   0.0001470816   0.0000026525   0.0002350731   0.0010074245   0.0375200695
49   0.0001470118   0.0000027058   0.0002349890   0.0012080924   0.0375203498
50   0.0001469922   0.0000027591   0.0002349095   0.0013635740   0.0375205880
51   0.0001472851   0.0000028123   0.0002348258   0.0015506895   0.0375209534
52   0.0001471170   0.0000028649   0.0002347213   0.0012097723   0.0375212641
53   0.0001470902   0.0000029173   0.0002346153   0.0004822836   0.0375215823
54   0.0001466962   0.0000029692   0.0002344897   0.0009043315   0.0375219160
55   0.0001465079   0.0000030211   0.0002343714   0.0008576859   0.0375222867
56   0.0001466006   0.0000030732   0.0002342612   0.0005784254   0.0375227461
57   0.0001464563   0.0000031251   0.0002341516   0.0000851283   0.0375230475
58   0.0001462588   0.0000031769   0.0002340376   0.0002675189   0.0375232542
59   0.0001461096   0.0000032285   0.0002339242   0.0001008056   0.0375235178
60   0.0001458371   0.0000032799   0.0002338061   0.0014465333   0.0375238177
61   0.0001458795   0.0000033315   0.0002336977   0.0009889498   0.0375241339
62   0.0001457129   0.0000033830   0.0002335910   0.0001144229   0.0375245085
63   0.0001453117   0.0000034341   0.0002334712   -0.0007400962   0.0375248293
64   0.0001449107   0.0000034839   0.0002333166   0.0001762372   0.0375250975
65   0.0001447097   0.0000035349   0.0002332014   0.0004684136   0.0375253066
66   0.0001444961   0.0000035849   0.0002330581   -0.0011604489   0.0375255793
67   0.0001440122   0.0000036347   0.0002329159   -0.0007976307   0.0375258306
68   0.0001436938   0.0000036836   0.0002327443   0.0002780174   0.0375260767
69   0.0001435083   0.0000037331   0.0002326011   0.0001552841   0.0375264671
70   0.0001433500   0.0000037827   0.0002324618   0.0007740955   0.0375267842
71   0.0001432735   0.0000038323   0.0002323282   0.0004866104   0.0375270786
72   0.0001432533   0.0000038817   0.0002321909   0.0009919091   0.0375274010
73   0.0001432497   0.0000039310   0.0002320533   0.0007656413   0.0375277183
74   0.0001433006   0.0000039801   0.0002319154   -0.0006784062   0.0375280039
75   0.0001431018   0.0000040288   0.0002317692   0.0003902608   0.0375283472
76   0.0001432265   0.0000040784   0.0002316534   0.0012711601   0.0375286233
77   0.0001433801   0.0000041281   0.0002315424   0.0003024205   0.0375288927
78   0.0001433148   0.0000041764   0.0002313951   -0.0003308457   0.0375292072
79   0.0001432659   0.0000042253   0.0002312685   -0.0003006787   0.0375296491
80   0.0001431068   0.0000042745   0.0002311513   -0.0000147980   0.0375299067
81   0.0001431093   0.0000043237   0.0002310385   0.0005457769   0.0375302412
82   0.0001430295   0.0000043721   0.0002309070   0.0002447846   0.0375305433
83   0.0001429770   0.0000044209   0.0002307898   0.0006216150   0.0375308861
84   0.0001427959   0.0000044699   0.0002306797   0.0000953196   0.0375311927
85   0.0001425247   0.0000045192   0.0002305808   -0.0000432218   0.0375315541
86   0.0001425154   0.0000045678   0.0002304654   -0.0003813208   0.0375319186
87   0.0001424342   0.0000046169   0.0002303639   -0.0001234624   0.0375323127
88   0.0001421442   0.0000046656   0.0002302556   -0.0006152744   0.0375326728
89   0.0001420319   0.0000047141   0.0002301464   0.0007219071   0.0375331062
90   0.0001422438   0.0000047627   0.0002300400   0.0003005643   0.0375334241
91   0.0001424505   0.0000048119   0.0002299527   0.0000408671   0.0375336621
92   0.0001425468   0.0000048609   0.0002298600   -0.0002697972   0.0375339616
93   0.0001424696   0.0000049097   0.0002297663   0.0001246879   0.0375342833
94   0.0001423455   0.0000049590   0.0002296851   -0.0002295447   0.0375345413
95   0.0001421257   0.0000050080   0.0002296002   -0.0005150964   0.0375348357
96   0.0001419388   0.0000050564   0.0002295015   -0.0003862693   0.0375350716
97   0.0001417956   0.0000051046   0.0002293998   -0.0006220945   0.0375353535
98   0.0001416396   0.0000051531   0.0002293100   -0.0001256109   0.0375356184
99   0.0001412943   0.0000052015   0.0002292163   -0.0000844363   0.0375358343
100   0.0001411671   0.0000052499   0.0002291261   0.0001902146   0.0375361193
101   0.0001413028   0.0000052982   0.0002290365   -0.0001490392   0.0375363139
102   0.0001412041   0.0000053462   0.0002289399   0.0009651014   0.0375364995
103   0.0001414517   0.0000053943   0.0002288491   -0.0007266072   0.0375366741
104   0.0001412785   0.0000054425   0.0002287622   -0.0007601356   0.0375369503
105   0.0001411551   0.0000054917   0.0002286967   -0.0004747774   0.0375372094
106   0.0001409363   0.0000055408   0.0002286301   0.0000047421   0.0375374827
107   0.0001408994   0.0000055893   0.0002285527   0.0000263795   0.0375377293
108   0.0001408419   0.0000056386   0.0002284940   0.0000803285   0.0375381020
109   0.0001408187   0.0000056882   0.0002284405   -0.0007259600   0.0375383671
110   0.0001407932   0.0000057374   0.0002283819   -0.0000664043   0.0375386094
111   0.0001408169   0.0000057870   0.0002283312   -0.0004627793   0.0375389212
112   0.0001407492   0.0000058364   0.0002282782   -0.0006854627   0.0375391710
113   0.0001403534   0.0000058844   0.0002281978   -0.0007839407   0.0375394935
114   0.0001400855   0.0000059330   0.0002281321   -0.0009260184   0.0375397946
115   0.0001400926   0.0000059817   0.0002280670   -0.0004969884   0.0375401357
116   0.0001396769   0.0000060303   0.0002280020   -0.0004261403   0.0375403669
117   0.0001394095   0.0000060776   0.0002279150   -0.0000551609   0.0375406678
118   0.0001391493   0.0000061256   0.0002278409   0.0004232222   0.0375409839
119   0.0001391753   0.0000061740   0.0002277776   0.0007637412   0.0375413703
120   0.0001393883   0.0000062227   0.0002277195   0.0006395032   0.0375417271
121   0.0001394926   0.0000062720   0.0002276724   0.0004339729   0.0375420313
122   0.0001394214   0.0000063213   0.0002276262   -0.0011391306   0.0375423555
123   0.0001392580   0.0000063699   0.0002275695   -0.0004639832   0.0375427167
124   0.0001391213   0.0000064187   0.0002275158   0.0001079918   0.0375428986
125   0.0001393535   0.0000064672   0.0002274595   0.0001732709   0.0375432347
126   0.0001395177   0.0000065154   0.0002273981   0.0001738744   0.0375436170
127   0.0001395666   0.0000065638   0.0002273395   -0.0014640619   0.0375439337
128   0.0001394277   0.0000066113   0.0002272679   -0.0002210753   0.0375441587
129   0.0001392998   0.0000066592   0.0002272037   -0.0007944290   0.0375444192
130   0.0001391380   0.0000067074   0.0002271466   0.0003801718   0.0375447934
131   0.0001392671   0.0000067554   0.0002270857   -0.0001350417   0.0375451759
132   0.0001393482   0.0000068032   0.0002270235   0.0007242189   0.0375453668
133   0.0001395874   0.0000068517   0.0002269718   0.0006322430   0.0375457278
134   0.0001398235   0.0000068998   0.0002269163   0.0004215188   0.0375460123
135   0.0001398438   0.0000069477   0.0002268583   -0.0003407963   0.0375463140
136   0.0001396504   0.0000069959   0.0002268048   0.0006777707   0.0375465622
137   0.0001399264   0.0000070440   0.0002267510   0.0001445872   0.0375467474
138   0.0001398359   0.0000070916   0.0002266902   -0.0001098568   0.0375471419
139   0.0001399493   0.0000071391   0.0002266287   0.0002102233   0.0375475318
140   0.0001401890   0.0000071874   0.0002265796   -0.0004498670   0.0375478715
141   0.0001403604   0.0000072354   0.0002265278   0.0011186400   0.0375481799
142   0.0001403416   0.0000072835   0.0002264778   -0.0005627653   0.0375484847
143   0.0001401991   0.0000073318   0.0002264310   0.0005993267   0.0375487391
144   0.0001402168   0.0000073805   0.0002263928   0.0006516337   0.0375491057
145   0.0001400645   0.0000074284   0.0002263412   0.0005824613   0.0375493525
146   0.0001401769   0.0000074765   0.0002262944   0.0002812968   0.0375497356
147   0.0001403373   0.0000075241   0.0002262391   -0.0002923043   0.0375499970
148   0.0001403808   0.0000075724   0.0002261970   0.0010269862   0.0375501194
149   0.0001403819   0.0000076207   0.0002261538   -0.0002549042   0.0375504684
150   0.0001402894   0.0000076686   0.0002261062   0.0001194378   0.0375508361
151   0.0001402125   0.0000077160   0.0002260518   0.0002709783   0.0375511405
152   0.0001402716   0.0000077640   0.0002260064   -0.0004772084   0.0375513623
153   0.0001401207   0.0000078115   0.0002259547   -0.0004992249   0.0375517240
154   0.0001400698   0.0000078585   0.0002258959   -0.0004995502   0.0375520969
155   0.0001398951   0.0000079064   0.0002258513   0.0000178314   0.0375524185
156   0.0001398843   0.0000079544   0.0002258091   0.0007495563   0.0375527609
157   0.0001398478   0.0000080032   0.0002257776   -0.0006711294   0.0375531331
158   0.0001396098   0.0000080511   0.0002257354   -0.0004455621   0.0375535105
159   0.0001394705   0.0000080991   0.0002256938   -0.0003040933   0.0375537492
160   0.0001392634   0.0000081468   0.0002256490   -0.0005119057   0.0375541611
161   0.0001392018   0.0000081944   0.0002256034   -0.0005919058   0.0375544540
162   0.0001390420   0.0000082413   0.0002255493   -0.0006847002   0.0375547760
163   0.0001388685   0.0000082896   0.0002255142   0.0001459856   0.0375551185
164   0.0001388260   0.0000083370   0.0002254676   -0.0008848808   0.0375554188
165   0.0001387431   0.0000083843   0.0002254201   -0.0003223336   0.0375558456
166   0.0001387296   0.0000084316   0.0002253726   0.0000327109   0.0375561713
167   0.0001387235   0.0000084790   0.0002253281   -0.0001662399   0.0375564256
168   0.0001388279   0.0000085266   0.0002252857   0.0001130137   0.0375567559
169   0.0001388246   0.0000085744   0.0002252462   0.0000898212   0.0375571978
170   0.0001388764   0.0000086217   0.0002252021   0.0003845867   0.0375573958
171   0.0001388098   0.0000086688   0.0002251545   -0.0002528356   0.0375576889
172   0.0001388633   0.0000087160   0.0002251092   0.0002225069   0.0375580013
173   0.0001386906   0.0000087630   0.0002250622   0.0002344184   0.0375583242
174   0.0001386557   0.0000088102   0.0002250185   -0.0002980961   0.0375584798
175   0.0001385550   0.0000088571   0.0002249717   -0.0005266056   0.0375587872
176   0.0001383051   0.0000089025   0.0002249056   -0.0007256838   0.0375590514
177   0.0001381717   0.0000089489   0.0002248528   0.0001243759   0.0375592935
178   0.0001384042   0.0000089954   0.0002248025   -0.0003380360   0.0375594903
179   0.0001384333   0.0000090421   0.0002247541   -0.0000925483   0.0375597063
180   0.0001384858   0.0000090879   0.0002246960   0.0003127774   0.0375601248
181   0.0001387263   0.0000091342   0.0002246442   -0.0001607128   0.0375603945
182   0.0001387654   0.0000091804   0.0002245926   0.0008056898   0.0375606797
183   0.0001388541   0.0000092269   0.0002245446   -0.0003786085   0.0375609725
184   0.0001388010   0.0000092731   0.0002244937   -0.0003292170   0.0375611864
185   0.0001388692   0.0000093194   0.0002244437   -0.0006385263   0.0375613893
186   0.0001386566   0.0000093651   0.0002243879   -0.0008802893   0.0375617267
187   0.0001385827   0.0000094115   0.0002243414   -0.0002101847   0.0375621377
188   0.0001386673   0.0000094571   0.0002242853   -0.0002879027   0.0375623873
189   0.0001386494   0.0000095031   0.0002242341   -0.0005749428   0.0375626475
190   0.0001385653   0.0000095487   0.0002241787   0.0003528456   0.0375629532
191   0.0001387433   0.0000095960   0.0002241445   -0.0002138028   0.0375631425
192   0.0001388210   0.0000096430   0.0002241074   -0.0004922495   0.0375633380
193   0.0001388915   0.0000096899   0.0002240682   0.0000205488   0.0375636856
194   0.0001389059   0.0000097376   0.0002240400   0.0000893472   0.0375639711
195   0.0001387849   0.0000097833   0.0002239881   0.0002275506   0.0375641810
196   0.0001387214   0.0000098297   0.0002239449   0.0000145950   0.0375645205
197   0.0001386800   0.0000098774   0.0002239175   -0.0001724688   0.0375648709
198   0.0001386522   0.0000099248   0.0002238861   -0.0009758861   0.0375651998
199   0.0001384272   0.0000099700   0.0002238319   -0.0000920530   0.0375655416
200   0.0001384050   0.0000100173   0.0002237996   0.0002970287   0.0375659436
201   0.0001384648   0.0000100637   0.0002237591   0.0003393523   0.0375663256
202   0.0001383573   0.0000101108   0.0002237262   0.0004344173   0.0375664527
203   0.0001384885   0.0000101583   0.0002236984   -0.0008072018   0.0375667111
204   0.0001383948   0.0000102059   0.0002236716   -0.0000643650   0.0375669873
205   0.0001383569   0.0000102525   0.0002236346   -0.0000822487   0.0375673449
206   0.0001382679   0.0000102996   0.0002236028   0.0000047683   0.0375677055
207   0.0001381347   0.0000103462   0.0002235652   -0.0005555387   0.0375680907
208   0.0001380886   0.0000103936   0.0002235378   -0.0000631873   0.0375684576
209   0.0001379649   0.0000104406   0.0002235058   -0.0000047691   0.0375687901
210   0.0001382493   0.0000104884   0.0002234837   0.0002644031   0.0375690772
211   0.0001382727   0.0000105356   0.0002234541   -0.0004262887   0.0375693822
212   0.0001382417   0.0000105830   0.0002234277   0.0000038756   0.0375696985
213   0.0001383425   0.0000106307   0.0002234045   -0.0002355289   0.0375698574
214   0.0001382725   0.0000106791   0.0002233887   0.0001774022   0.0375701529
215   0.0001381743   0.0000107266   0.0002233631   0.0001440166   0.0375704280
216   0.0001379919   0.0000107744   0.0002233416   -0.0000044728   0.0375707213
217   0.0001380754   0.0000108220   0.0002233181   0.0006339823   0.0375710367
218   0.0001382179   0.0000108698   0.0002232967   -0.0004479278   0.0375713158
219   0.0001379805   0.0000109170   0.0002232699   0.0004548128   0.0375715622
220   0.0001378605   0.0000109649   0.0002232502   0.0003740116   0.0375717758
221   0.0001380201   0.0000110128   0.0002232299   0.0008133881   0.0375720290
222   0.0001381767   0.0000110613   0.0002232170   0.0004232696   0.0375721624
223   0.0001382890   0.0000111084   0.0002231888   0.0000423592   0.0375723283
224   0.0001384061   0.0000111562   0.0002231696   0.0001449840   0.0375726814
225   0.0001384118   0.0000112042   0.0002231517   0.0000859211   0.0375729457
226   0.0001382981   0.0000112527   0.0002231381   -0.0003108851   0.0375730737
227   0.0001381900   0.0000112992   0.0002231062   -0.0001163645   0.0375733596
228   0.0001381754   0.0000113472   0.0002230882   -0.0001629189   0.0375736955
229   0.0001381450   0.0000113943   0.0002230622   -0.0001423380   0.0375739456
230   0.0001382033   0.0000114411   0.0002230335   0.0006511497   0.0375740437
231   0.0001382833   0.0000114885   0.0002230104   0.0007210195   0.0375743395
232   0.0001384444   0.0000115372   0.0002230008   0.0001736991   0.0375745817
233   0.0001383434   0.0000115850   0.0002229822   0.0001978847   0.0375747783
234   0.0001385767   0.0000116338   0.0002229736   -0.0001949109   0.0375750661
235   0.0001385813   0.0000116816   0.0002229546   0.0001047743   0.0375752651
236   0.0001384343   0.0000117287   0.0002229305   -0.0000838837   0.0375755445
237   0.0001384856   0.0000117762   0.0002229091   -0.0000546319   0.0375757323
238   0.0001385476   0.0000118245   0.0002228963   0.0000200030   0.0375759145
239   0.0001386249   0.0000118726   0.0002228812   -0.0000116442   0.0375761711
240   0.0001386472   0.0000119209   0.0002228682   0.0002466329   0.0375763778
241   0.0001384924   0.0000119690   0.0002228543   -0.0004756755   0.0375765694
242   0.0001381912   0.0000120175   0.0002228432   -0.0005163142   0.0375767036
243   0.0001381014   0.0000120651   0.0002228246   -0.0009577263   0.0375770541
244   0.0001378593   0.0000121132   0.0002228103   0.0001603768   0.0375773213
245   0.0001378119   0.0000121605   0.0002227880   0.0003443657   0.0375774935
246   0.0001378379   0.0000122070   0.0002227600   -0.0002735955   0.0375778104
247   0.0001377552   0.0000122545   0.0002227406   -0.0004074289   0.0375780888
248   0.0001378177   0.0000123023   0.0002227243   -0.0004668965   0.0375783306
249   0.0001375530   0.0000123496   0.0002227036   -0.0007038200   0.0375785636
250   0.0001374063   0.0000123968   0.0002226820   0.0002575238   0.0375788435
251   0.0001374457   0.0000124441   0.0002226610   0.0004663768   0.0375790981
252   0.0001376613   0.0000124898   0.0002226271   -0.0002500828   0.0375794431
253   0.0001373806   0.0000125373   0.0002226081   0.0002530848   0.0375796605
254   0.0001373372   0.0000125846   0.0002225888   0.0002073797   0.0375799204
255   0.0001373370   0.0000126317   0.0002225668   -0.0005214643   0.0375800470
256   0.0001372667   0.0000126784   0.0002225418   -0.0001867805   0.0375802872
257   0.0001371524   0.0000127261   0.0002225266   -0.0001467430   0.0375805660
258   0.0001370654   0.0000127735   0.0002225075   0.0001440610   0.0375806802
259   0.0001369374   0.0000128217   0.0002224967   -0.0002630313   0.0375809225
260   0.0001367945   0.0000128681   0.0002224695   0.0000660603   0.0375810882
261   0.0001368939   0.0000129145   0.0002224432   0.0002717285   0.0375813803
262   0.0001369744   0.0000129611   0.0002224185   0.0004615742   0.0375814915
263   0.0001369798   0.0000130079   0.0002223956   0.0001886463   0.0375816351
264   0.0001368597   0.0000130555   0.0002223791   -0.0003931587   0.0375818585
265   0.0001367219   0.0000131032   0.0002223643   0.0010650274   0.0375821367
266   0.0001369067   0.0000131490   0.0002223342   0.0002377157   0.0375823685
267   0.0001369719   0.0000131951   0.0002223055   -0.0004024940   0.0375825658
268   0.0001367574   0.0000132420   0.0002222843   -0.0004099933   0.0375828577
269   0.0001366939   0.0000132900   0.0002222731   -0.0000634015   0.0375831338
270   0.0001366151   0.0000133364   0.0002222474   -0.0009136919   0.0375834151
271   0.0001366013   0.0000133828   0.0002222227   -0.0011643867   0.0375835821
272   0.0001365651   0.0000134293   0.0002221987   0.0000505502   0.0375838064
273   0.0001366908   0.0000134757   0.0002221744   -0.0004579675   0.0375840883
274   0.0001364393   0.0000135232   0.0002221594   -0.0008062000   0.0375843676
275   0.0001364138   0.0000135695   0.0002221346   0.0001606508   0.0375844935
276   0.0001365867   0.0000136165   0.0002221151   0.0000936432   0.0375847224
277   0.0001366684   0.0000136643   0.0002221023   0.0000000000   0.0375850533
278   0.0001366806   0.0000137118   0.0002220876   0.0000484724   0.0375852793
279   0.0001365387   0.0000137587   0.0002220685   -0.0001205893   0.0375853888
280   0.0001365358   0.0000138061   0.0002220529   -0.0004952511   0.0375855356
281   0.0001362290   0.0000138529   0.0002220326   -0.0005802676   0.0375857967
282   0.0001361708   0.0000138990   0.0002220070   -0.0007679464   0.0375861044
283   0.0001358845   0.0000139435   0.0002219693   0.0004372678   0.0375863596
284   0.0001357767   0.0000139893   0.0002219419   0.0000640524   0.0375866675
285   0.0001357140   0.0000140359   0.0002219209   0.0002101278   0.0375869007
286   0.0001356694   0.0000140815   0.0002218921   0.0000113751   0.0375871277
287   0.0001356962   0.0000141282   0.0002218717   -0.0000730439   0.0375873556
288   0.0001356121   0.0000141755   0.0002218569   -0.0001613649   0.0375875711
289   0.0001356443   0.0000142216   0.0002218327   -0.0004541816   0.0375877271
290   0.0001356457   0.0000142671   0.0002218035   0.0001664730   0.0375880511
291   0.0001355340   0.0000143130   0.0002217782   0.0004206961   0.0375883005
292   0.0001355465   0.0000143585   0.0002217498   0.0002470425   0.0375884277
293   0.0001356397   0.0000144052   0.0002217304   0.0004396102   0.0375887351
294   0.0001356855   0.0000144506   0.0002217018   0.0001979558   0.0375888570
295   0.0001354454   0.0000144969   0.0002216801   0.0008472713   0.0375890863
296   0.0001355060   0.0000145434   0.0002216600   0.0012166179   0.0375894523
297   0.0001355170   0.0000145891   0.0002216338   0.0001249036   0.0375898303
298   0.0001355413   0.0000146340   0.0002216021   0.0007506630   0.0375901140
299   0.0001356526   0.0000146811   0.0002215865   0.0004712129   0.0375903977
300   0.0001356296   0.0000147282   0.0002215716   0.0002846014   0.0375906845
301   0.0001355611   0.0000147741   0.0002215480   0.0002306907   0.0375909206
302   0.0001356731   0.0000148208   0.0002215299   0.0002079332   0.0375912232
303   0.0001359161   0.0000148673   0.0002215106   -0.0005087753   0.0375915781
304   0.0001358562   0.0000149136   0.0002214900   0.0002364223   0.0375918631
305   0.0001360764   0.0000149598   0.0002214687   -0.0001594218   0.0375920683
306   0.0001358639   0.0000150052   0.0002214421   -0.0000491477   0.0375923407
307   0.0001357297   0.0000150523   0.0002214276   -0.0000509484   0.0375924968
308   0.0001357395   0.0000150987   0.0002214088   -0.0005068153   0.0375927081
309   0.0001360116   0.0000151442   0.0002213826   -0.0000248776   0.0375929620
310   0.0001359167   0.0000151903   0.0002213615   -0.0003351165   0.0375932069
311   0.0001361035   0.0000152366   0.0002213423   0.0002530009   0.0375933743
312   0.0001361593   0.0000152817   0.0002213137   -0.0005366079   0.0375935534
313   0.0001361422   0.0000153276   0.0002212913   -0.0001388059   0.0375938229
314   0.0001361376   0.0000153721   0.0002212598   0.0003903569   0.0375940252
315   0.0001363076   0.0000154175   0.0002212336   0.0004827269   0.0375942000
316   0.0001362526   0.0000154631   0.0002212102   -0.0002290833   0.0375943979
317   0.0001363869   0.0000155090   0.0002211884   0.0000968559   0.0375945852
318   0.0001364595   0.0000155531   0.0002211540   -0.0002303081   0.0375947644
319   0.0001364118   0.0000155991   0.0002211331   -0.0001145604   0.0375949434
320   0.0001364422   0.0000156444   0.0002211080   0.0003769891   0.0375952295
321   0.0001364184   0.0000156895   0.0002210813   0.0000035991   0.0375955085
322   0.0001364407   0.0000157354   0.0002210602   -0.0001421740   0.0375956308
323   0.0001365344   0.0000157808   0.0002210358   0.0000095988   0.0375957873
324   0.0001366929   0.0000158264   0.0002210135   0.0001382898   0.0375960454
325   0.0001367564   0.0000158717   0.0002209887   -0.0004133932   0.0375962564
326   0.0001367246   0.0000159169   0.0002209637   0.0004053154   0.0375966419
327   0.0001368760   0.0000159626   0.0002209421   -0.0000648061   0.0375969098
328   0.0001370958   0.0000160094   0.0002209281   -0.0002709408   0.0375971029
329   0.0001370563   0.0000160553   0.0002209078   0.0001386285   0.0375973040
330   0.0001369234   0.0000161011   0.0002208874   -0.0002877755   0.0375975158
331   0.0001369798   0.0000161455   0.0002208573   -0.0002925936   0.0375977975
332   0.0001371747   0.0000161904   0.0002208305   -0.0002400903   0.0375980371
333   0.0001373600   0.0000162355   0.0002208058   -0.0003139349   0.0375982990
334   0.0001374430   0.0000162806   0.0002207812   -0.0007419569   0.0375986109
335   0.0001373607   0.0000163253   0.0002207538   -0.0001539826   0.0375988198
336   0.0001374425   0.0000163705   0.0002207300   0.0005376163   0.0375990553
337   0.0001374521   0.0000164166   0.0002207122   -0.0001831181   0.0375992973
338   0.0001375828   0.0000164627   0.0002206949   -0.0004091870   0.0375995941
339   0.0001375058   0.0000165074   0.0002206678   -0.0001498128   0.0375998214
340   0.0001376106   0.0000165520   0.0002206405   -0.0003482822   0.0376000891
341   0.0001375936   0.0000165963   0.0002206116   -0.0003452985   0.0376003888
342   0.0001377255   0.0000166406   0.0002205827   -0.0001540419   0.0376006580
343   0.0001375232   0.0000166858   0.0002205600   -0.0001942896   0.0376008121
344   0.0001375291   0.0000167315   0.0002205402   0.0003877007   0.0376011415
345   0.0001375763   0.0000167772   0.0002205211   -0.0004775212   0.0376013389
346   0.0001374210   0.0000168238   0.0002205075   -0.0000165190   0.0376016877
347   0.0001375576   0.0000168685   0.0002204819   -0.0002009420   0.0376019660
348   0.0001375737   0.0000169141   0.0002204627   -0.0001826296   0.0376022531
349   0.0001373960   0.0000169598   0.0002204437   -0.0008609275   0.0376024071
350   0.0001371852   0.0000170064   0.0002204305   -0.0005287221   0.0376026149
351   0.0001371164   0.0000170534   0.0002204204   -0.0005278513   0.0376028431
352   0.0001370927   0.0000170979   0.0002203939   -0.0009436936   0.0376031175
353   0.0001369022   0.0000171438   0.0002203769   -0.0000327503   0.0376034610
354   0.0001368306   0.0000171885   0.0002203525   -0.0002824503   0.0376036675
355   0.0001369100   0.0000172346   0.0002203364   0.0001766913   0.0376039218
356   0.0001369754   0.0000172796   0.0002203140   -0.0002121619   0.0376042418
357   0.0001370195   0.0000173256   0.0002202980   -0.0000117207   0.0376045590
358   0.0001371614   0.0000173720   0.0002202841   0.0000084153   0.0376048489
359   0.0001370135   0.0000174180   0.0002202685   -0.0002723108   0.0376051289
360   0.0001369634   0.0000174639   0.0002202520   0.0007739957   0.0376054137
361   0.0001370342   0.0000175102   0.0002202380   0.0001950885   0.0376056033
362   0.0001371316   0.0000175569   0.0002202263   0.0001277615   0.0376059090
363   0.0001372567   0.0000176022   0.0002202064   -0.0001704585   0.0376061728
364   0.0001372486   0.0000176479   0.0002201889   0.0000469012   0.0376064235
365   0.0001372720   0.0000176944   0.0002201765   0.0004320553   0.0376066420
366   0.0001374262   0.0000177398   0.0002201578   0.0002228047   0.0376068636
367   0.0001374397   0.0000177853   0.0002201392   0.0004432296   0.0376071103
368   0.0001375416   0.0000178311   0.0002201228   0.0000312743   0.0376073875
369   0.0001374625   0.0000178768   0.0002201057   -0.0002348715   0.0376076936
370   0.0001374878   0.0000179239   0.0002200977   -0.0000315786   0.0376079355
371   0.0001373029   0.0000179706   0.0002200872   0.0004358076   0.0376081082
372   0.0001372645   0.0000180173   0.0002200761   -0.0004412451   0.0376083434
373   0.0001372558   0.0000180633   0.0002200618   -0.0003495277   0.0376086048
374   0.0001371597   0.0000181104   0.0002200534   -0.0008146069   0.0376089484
375   0.0001370799   0.0000181568   0.0002200411   -0.0007003368   0.0376093517
376   0.0001368310   0.0000182023   0.0002200233   -0.0000505427   0.0376096657
377   0.0001367499   0.0000182483   0.0002200090   -0.0001377969   0.0376099397
378   0.0001367157   0.0000182941   0.0002199932   0.0003029899   0.0376102370
379   0.0001367654   0.0000183392   0.0002199738   0.0001399188   0.0376105050
380   0.0001368080   0.0000183853   0.0002199599   -0.0001880725   0.0376108115
381   0.0001368500   0.0000184308   0.0002199424   -0.0002795657   0.0376109829
382   0.0001368044   0.0000184759   0.0002199233   -0.0007815618   0.0376112589
383   0.0001366174   0.0000185209   0.0002199032   -0.0008592531   0.0376114809
384   0.0001363700   0.0000185654   0.0002198806   -0.0004598985   0.0376116578
385   0.0001362875   0.0000186111   0.0002198645   -0.0009394137   0.0376119899
386   0.0001363203   0.0000186567   0.0002198486   -0.0007705960   0.0376122060
387   0.0001360613   0.0000187020   0.0002198305   -0.0006749101   0.0376123807
388   0.0001360816   0.0000187463   0.0002198070   -0.0004440433   0.0376126064
389   0.0001360733   0.0000187905   0.0002197834   -0.0003474253   0.0376127665
390   0.0001362356   0.0000188357   0.0002197651   -0.0000746676   0.0376129212
391   0.0001361948   0.0000188790   0.0002197359   0.0002938686   0.0376131545
392   0.0001362630   0.0000189218   0.0002197042   -0.0002378779   0.0376134670
393   0.0001361791   0.0000189674   0.0002196888   -0.0002153059   0.0376136551
394   0.0001360828   0.0000190114   0.0002196641   -0.0004423791   0.0376138750
395   0.0001361597   0.0000190557   0.0002196413   -0.0004583662   0.0376140171
396   0.0001362078   0.0000191011   0.0002196249   0.0012794032   0.0376141840
397   0.0001362975   0.0000191454   0.0002196026   -0.0002487866   0.0376142867
398   0.0001362406   0.0000191888   0.0002195747   -0.0002828364   0.0376145352
399   0.0001360675   0.0000192328   0.0002195506   -0.0000397620   0.0376146455
400   0.0001362222   0.0000192774   0.0002195304   0.0001964110   0.0376148651
401   0.0001362219   0.0000193220   0.0002195097   0.0003337971   0.0376150500
402   0.0001361905   0.0000193655   0.0002194833   -0.0000873704   0.0376151805
403   0.0001361570   0.0000194098   0.0002194611   0.0003633607   0.0376153715
404   0.0001361010   0.0000194544   0.0002194411   0.0002166420   0.0376156602
405   0.0001359143   0.0000194979   0.0002194148   0.0001928493   0.0376157261
406   0.0001358723   0.0000195411   0.0002193874   -0.0000412841   0.0376159050
407   0.0001357222   0.0000195850   0.0002193636   -0.0006524431   0.0376160603
408   0.0001355824   0.0000196289   0.0002193401   -0.0003037855   0.0376161731
409   0.0001356833   0.0000196733   0.0002193196   0.0002344819   0.0376163352
410   0.0001357029   0.0000197176   0.0002192982   -0.0000063295   0.0376164349
411   0.0001357215   0.0000197635   0.0002192862   -0.0001914037   0.0376165264
412   0.0001357951   0.0000198077   0.0002192646   0.0009748572   0.0376167364
413   0.0001360316   0.0000198522   0.0002192449   0.0005121749   0.0376169727
414   0.0001359472   0.0000198970   0.0002192269   0.0003551355   0.0376171585
415   0.0001358776   0.0000199421   0.0002192107   0.0001854159   0.0376173848
416   0.0001360127   0.0000199880   0.0002191990   0.0001935665   0.0376175879
417   0.0001362444   0.0000200328   0.0002191808   -0.0005032402   0.0376178046
418   0.0001362172   0.0000200780   0.0002191656   0.0004122031   0.0376181232
419   0.0001363576   0.0000201225   0.0002191461   0.0002626547   0.0376183100
420   0.0001363018   0.0000201671   0.0002191278   -0.0004556754   0.0376184884
421   0.0001363026   0.0000202120   0.0002191107   -0.0006463038   0.0376187308
422   0.0001360908   0.0000202570   0.0002190942   -0.0007316933   0.0376188511
423   0.0001359647   0.0000203017   0.0002190766   0.0001848945   0.0376191204
424   0.0001360746   0.0000203453   0.0002190529   -0.0003432639   0.0376193505
425   0.0001359512   0.0000203902   0.0002190364   -0.0008563979   0.0376197690
426   0.0001358092   0.0000204360   0.0002190248   0.0001674277   0.0376200321
427   0.0001358180   0.0000204805   0.0002190059   0.0000244367   0.0376201788
428   0.0001359087   0.0000205263   0.0002189944   0.0004588918   0.0376203731
429   0.0001360257   0.0000205704   0.0002189742   -0.0003487889   0.0376204725
430   0.0001360591   0.0000206146   0.0002189543   0.0002887625   0.0376206632
431   0.0001359373   0.0000206588   0.0002189343   0.0001831651   0.0376209116
432   0.0001359680   0.0000207041   0.0002189206   0.0000250470   0.0376210130
433   0.0001360452   0.0000207492   0.0002189056   -0.0002565194   0.0376212205
434   0.0001360233   0.0000207939   0.0002188887   0.0007762417   0.0376213896
435   0.0001362052   0.0000208390   0.0002188741   0.0004074581   0.0376214768
436   0.0001361777   0.0000208822   0.0002188489   0.0003730709   0.0376216457
437   0.0001361871   0.0000209272   0.0002188338   0.0001128935   0.0376217348
438   0.0001361200   0.0000209705   0.0002188102   0.0002411951   0.0376218767
439   0.0001360506   0.0000210157   0.0002187961   0.0007547170   0.0376220921
440   0.0001360802   0.0000210606   0.0002187810   -0.0001723868   0.0376223637
441   0.0001358687   0.0000211071   0.0002187735   -0.0002210052   0.0376225794
442   0.0001355287   0.0000211510   0.0002187532   0.0002702340   0.0376228463
443   0.0001354001   0.0000211946   0.0002187314   -0.0002518304   0.0376231259
444   0.0001353306   0.0000212406   0.0002187218   -0.0003427369   0.0376234623
445   0.0001355622   0.0000212840   0.0002186989   -0.0003285615   0.0376236938
446   0.0001356010   0.0000213289   0.0002186839   0.0002923387   0.0376238846
447   0.0001356896   0.0000213739   0.0002186693   0.0002899389   0.0376240055
448   0.0001357708   0.0000214182   0.0002186515   -0.0001392390   0.0376242232
449   0.0001356034   0.0000214625   0.0002186338   0.0000265807   0.0376243986
450   0.0001354066   0.0000215074   0.0002186188   0.0001184116   0.0376246297
451   0.0001352867   0.0000215530   0.0002186076   -0.0002410653   0.0376248124
452   0.0001352996   0.0000215975   0.0002185913   -0.0001344369   0.0376251404
453   0.0001353899   0.0000216414   0.0002185714   0.0003111857   0.0376253753
454   0.0001352991   0.0000216852   0.0002185515   0.0003586384   0.0376255506
455   0.0001352829   0.0000217294   0.0002185334   0.0002459541   0.0376257932
456   0.0001353866   0.0000217717   0.0002185063   0.0001492727   0.0376260055
457   0.0001356780   0.0000218158   0.0002184879   -0.0001755706   0.0376261857
458   0.0001355489   0.0000218611   0.0002184760   -0.0001163486   0.0376263712
459   0.0001354136   0.0000219063   0.0002184633   0.0002541672   0.0376265948
460   0.0001356197   0.0000219493   0.0002184395   0.0003236954   0.0376267837
461   0.0001357046   0.0000219921   0.0002184154   0.0000943032   0.0376270992
462   0.0001356686   0.0000220363   0.0002183977   -0.0000894720   0.0376272898
463   0.0001355880   0.0000220805   0.0002183807   0.0005658820   0.0376276061
464   0.0001354537   0.0000221236   0.0002183579   0.0004147615   0.0376278180
465   0.0001353020   0.0000221672   0.0002183380   0.0004791803   0.0376281150
466   0.0001353559   0.0000222106   0.0002183166   0.0010869082   0.0376283360
467   0.0001353382   0.0000222532   0.0002182919   0.0003087043   0.0376286066
468   0.0001351260   0.0000222976   0.0002182761   0.0000798260   0.0376289930
469   0.0001349724   0.0000223391   0.0002182461   -0.0004215293   0.0376293118
470   0.0001348662   0.0000223827   0.0002182265   -0.0001654156   0.0376296070
471   0.0001347900   0.0000224254   0.0002182024   -0.0002625021   0.0376298146
472   0.0001347175   0.0000224699   0.0002181871   0.0006336110   0.0376300952
473   0.0001347854   0.0000225127   0.0002181643   0.0003478250   0.0376303467
474   0.0001349862   0.0000225563   0.0002181446   -0.0001376246   0.0376306723
475   0.0001349321   0.0000225992   0.0002181220   -0.0006315952   0.0376308828
476   0.0001346755   0.0000226427   0.0002181025   -0.0002350468   0.0376310605
477   0.0001346768   0.0000226861   0.0002180826   0.0003100852   0.0376312969
478   0.0001348307   0.0000227282   0.0002180563   0.0001161750   0.0376314850
479   0.0001349444   0.0000227728   0.0002180422   0.0002713926   0.0376318743
480   0.0001349432   0.0000228162   0.0002180226   0.0000124055   0.0376321874
481   0.0001350141   0.0000228595   0.0002180021   -0.0000018155   0.0376324370
482   0.0001349234   0.0000229026   0.0002179810   0.0006602851   0.0376326872
483   0.0001350862   0.0000229444   0.0002179541   0.0001740079   0.0376328815
484   0.0001352278   0.0000229864   0.0002179279   -0.0004642472   0.0376330232
485   0.0001352398   0.0000230291   0.0002179053   0.0003241444   0.0376332647
486   0.0001351143   0.0000230721   0.0002178839   0.0003383876   0.0376334300
487   0.0001351657   0.0000231146   0.0002178608   0.0009265316   0.0376337122
488   0.0001350805   0.0000231574   0.0002178388   0.0006717053   0.0376338931
489   0.0001351808   0.0000232013   0.0002178218   -0.0000638744   0.0376340455
490   0.0001352154   0.0000232457   0.0002178078   0.0004516855   0.0376342062
491   0.0001353479   0.0000232884   0.0002177854   0.0001371482   0.0376344090
492   0.0001353499   0.0000233311   0.0002177635   0.0001580471   0.0376346738
493   0.0001353776   0.0000233756   0.0002177499   0.0002752354   0.0376349743
494   0.0001352836   0.0000234195   0.0002177335   0.0000529912   0.0376351457
495   0.0001351649   0.0000234616   0.0002177091   0.0003721705   0.0376353607
496   0.0001349362   0.0000235033   0.0002176826   -0.0007676968   0.0376355182
497   0.0001348828   0.0000235444   0.0002176537   -0.0003858385   0.0376356855
498   0.0001348002   0.0000235891   0.0002176412   -0.0000508826   0.0376358565
499   0.0001348983   0.0000236334   0.0002176269   -0.0003192453   0.0376361336
500   0.0001347104   0.0000236769   0.0002176092   0.0001502418   0.0376363694
501   0.0001349443   0.0000237216   0.0002175972   0.0001235927   0.0376365616
502   0.0001348555   0.0000237646   0.0002175771   -0.0006246613   0.0376367264
503   0.0001349785   0.0000238068   0.0002175539   0.0005856156   0.0376368547
504   0.0001351154   0.0000238510   0.0002175395   0.0000460520   0.0376369926
505   0.0001349687   0.0000238952   0.0002175253   0.0000778684   0.0376371764
506   0.0001351002   0.0000239391   0.0002175096   0.0005326850   0.0376374785
507   0.0001350915   0.0000239829   0.0002174938   0.0005390793   0.0376377902
508   0.0001353000   0.0000240266   0.0002174775   0.0001487930   0.0376380161
509   0.0001353351   0.0000240715   0.0002174667   0.0001724390   0.0376381975
510   0.0001353163   0.0000241156   0.0002174524   -0.0000751620   0.0376384421
511   0.0001353166   0.0000241585   0.0002174324   0.0000460694   0.0376386324
512   0.0001353742   0.0000242037   0.0002174232   -0.0005358888   0.0376387218
513   0.0001354786   0.0000242475   0.0002174075   -0.0004892347   0.0376390030
514   0.0001353775   0.0000242915   0.0002173929   0.0000366795   0.0376391851
515   0.0001352285   0.0000243344   0.0002173738   -0.0003925856   0.0376395331
516   0.0001349694   0.0000243791   0.0002173624   -0.0003498606   0.0376398510
517   0.0001349387   0.0000244225   0.0002173450   0.0005793943   0.0376401188
518   0.0001349104   0.0000244672   0.0002173338   -0.0004505633   0.0376402947
519   0.0001350539   0.0000245103   0.0002173156   0.0001973970   0.0376404907
520   0.0001351082   0.0000245517   0.0002172897   0.0001576829   0.0376407479
521   0.0001353329   0.0000245963   0.0002172781   0.0008942927   0.0376408807
522   0.0001355077   0.0000246395   0.0002172604   0.0003436051   0.0376410403
523   0.0001355548   0.0000246822   0.0002172407   -0.0001558897   0.0376412378
524   0.0001354462   0.0000247267   0.0002172289   0.0005304781   0.0376414229
525   0.0001353245   0.0000247713   0.0002172176   -0.0002927040   0.0376417643
526   0.0001354702   0.0000248168   0.0002172099   -0.0011162790   0.0376419851
527   0.0001352882   0.0000248620   0.0002172015   -0.0000688611   0.0376421565
528   0.0001352889   0.0000249045   0.0002171812   -0.0001492581   0.0376424315
529   0.0001351947   0.0000249474   0.0002171626   0.0010406178   0.0376425608
530   0.0001353121   0.0000249925   0.0002171537   0.0002424198   0.0376427478
531   0.0001351888   0.0000250366   0.0002171402   -0.0000197223   0.0376429967
532   0.0001350511   0.0000250786   0.0002171181   0.0001477735   0.0376432280
533   0.0001350378   0.0000251203   0.0002170946   0.0009859213   0.0376435845
534   0.0001354043   0.0000251649   0.0002170838   0.0005122603   0.0376438183
535   0.0001355744   0.0000252076   0.0002170646   0.0001326241   0.0376439852
536   0.0001354775   0.0000252513   0.0002170498   -0.0002400723   0.0376443021
537   0.0001353663   0.0000252934   0.0002170284   0.0001711862   0.0376446455
538   0.0001353456   0.0000253337   0.0002169993   0.0004534862   0.0376449251
539   0.0001354132   0.0000253754   0.0002169762   0.0007658702   0.0376450509
540   0.0001354949   0.0000254164   0.0002169502   0.0002628938   0.0376452276
541   0.0001355102   0.0000254583   0.0002169284   0.0003949707   0.0376454159
542   0.0001356894   0.0000255000   0.0002169056   0.0003895274   0.0376455665
543   0.0001360514   0.0000255426   0.0002168867   0.0000898724   0.0376457338
544   0.0001359823   0.0000255843   0.0002168640   0.0006592028   0.0376459295
545   0.0001361480   0.0000256259   0.0002168411   -0.0001667073   0.0376462059
546   0.0001362865   0.0000256694   0.0002168259   0.0001463701   0.0376463807
547   0.0001364204   0.0000257091   0.0002167952   0.0000999137   0.0376466438
548   0.0001365834   0.0000257503   0.0002167710   0.0006019479   0.0376467514
549   0.0001365553   0.0000257934   0.0002167546   0.0001184519   0.0376469297
550   0.0001365061   0.0000258351   0.0002167324   0.0005446047   0.0376471435
551   0.0001365088   0.0000258799   0.0002167232   0.0000850519   0.0376473669
552   0.0001365712   0.0000259233   0.0002167083   0.0010896367   0.0376474754
553   0.0001365453   0.0000259642   0.0002166832   0.0008010963   0.0376477114
554   0.0001366202   0.0000260071   0.0002166661   0.0008698011   0.0376478791
555   0.0001368446   0.0000260491   0.0002166455   -0.0002546051   0.0376480530
556   0.0001367073   0.0000260908   0.0002166238   -0.0001507051   0.0376481430
557   0.0001366840   0.0000261330   0.0002166044   -0.0003403215   0.0376483300
558   0.0001364796   0.0000261736   0.0002165782   0.0005797931   0.0376485803
559   0.0001366861   0.0000262158   0.0002165586   0.0000422411   0.0376488005
560   0.0001368167   0.0000262564   0.0002165329   0.0008287630   0.0376490239
561   0.0001367649   0.0000262998   0.0002165183   -0.0007124055   0.0376493324
562   0.0001365747   0.0000263408   0.0002164944   0.0008373672   0.0376495270
563   0.0001368440   0.0000263841   0.0002164795   0.0000130704   0.0376496822
564   0.0001368418   0.0000264259   0.0002164587   0.0000185427   0.0376498576
565   0.0001369635   0.0000264679   0.0002164390   0.0002729881   0.0376500348
566   0.0001370652   0.0000265112   0.0002164245   0.0004700035   0.0376502985
567   0.0001371409   0.0000265529   0.0002164036   0.0002018759   0.0376503930
568   0.0001371251   0.0000265964   0.0002163901   0.0007516051   0.0376506441
569   0.0001371653   0.0000266401   0.0002163775   -0.0004913693   0.0376508566
570   0.0001369638   0.0000266841   0.0002163659   -0.0000617286   0.0376509219
571   0.0001368830   0.0000267267   0.0002163490   0.0005288280   0.0376511280
572   0.0001370553   0.0000267706   0.0002163371   0.0001474960   0.0376512769
573   0.0001369298   0.0000268146   0.0002163257   0.0002308365   0.0376513925
574   0.0001369283   0.0000268573   0.0002163093   -0.0000933740   0.0376515228
575   0.0001368555   0.0000268995   0.0002162909   -0.0006156347   0.0376517369
576   0.0001367283   0.0000269434   0.0002162793   -0.0005405366   0.0376518415
577   0.0001365445   0.0000269860   0.0002162626   -0.0008207363   0.0376518727
578   0.0001361771   0.0000270287   0.0002162462   -0.0008128753   0.0376520985
579   0.0001361207   0.0000270721   0.0002162330   -0.0002303086   0.0376523825
580   0.0001360505   0.0000271131   0.0002162099   -0.0010420777   0.0376525047
581   0.0001359478   0.0000271553   0.0002161917   -0.0008954791   0.0376525547
582   0.0001357288   0.0000271976   0.0002161743   -0.0003843209   0.0376528429
583   0.0001357050   0.0000272406   0.0002161595   -0.0000909890   0.0376530722
584   0.0001358490   0.0000272836   0.0002161446   -0.0006911285   0.0376532275
585   0.0001356550   0.0000273256   0.0002161259   0.0008740798   0.0376532873
586   0.0001358714   0.0000273691   0.0002161134   -0.0001728783   0.0376535337
587   0.0001358039   0.0000274120   0.0002160981   -0.0002158070   0.0376537488
588   0.0001356403   0.0000274543   0.0002160811   -0.0007089487   0.0376539399
589   0.0001355099   0.0000274966   0.0002160637   -0.0000423141   0.0376541206
590   0.0001354450   0.0000275392   0.0002160476   0.0006907665   0.0376542831
591   0.0001353776   0.0000275812   0.0002160292   0.0007672247   0.0376544603
592   0.0001356003   0.0000276254   0.0002160195   0.0000669838   0.0376546275
593   0.0001353259   0.0000276692   0.0002160085   0.0000006090   0.0376547529
594   0.0001354108   0.0000277113   0.0002159909   -0.0000170524   0.0376549968
595   0.0001354681   0.0000277527   0.0002159704   0.0008076034   0.0376551515
596   0.0001355639   0.0000277935   0.0002159477   -0.0000895358   0.0376552541
597   0.0001354319   0.0000278356   0.0002159301   0.0006435377   0.0376554274
598   0.0001352609   0.0000278787   0.0002159166   0.0000380723   0.0376555537
599   0.0001353019   0.0000279208   0.0002158988   -0.0000511722   0.0376557334
600   0.0001352244   0.0000279622   0.0002158790   0.0003131434   0.0376559571
601   0.0001352805   0.0000280042   0.0002158610   0.0001197201   0.0376560671
602   0.0001353825   0.0000280467   0.0002158455   0.0002223926   0.0376562407
603   0.0001355038   0.0000280888   0.0002158279   -0.0003387848   0.0376564686
604   0.0001356420   0.0000281308   0.0002158106   0.0005121648   0.0376566315
605   0.0001358060   0.0000281727   0.0002157927   0.0006937902   0.0376567746
606   0.0001359061   0.0000282151   0.0002157766   0.0011073229   0.0376569792
607   0.0001358740   0.0000282575   0.0002157610   0.0003092991   0.0376572192
608   0.0001358629   0.0000282984   0.0002157392   0.0002258161   0.0376574306
609   0.0001359111   0.0000283404   0.0002157221   -0.0000496759   0.0376576548
610   0.0001359276   0.0000283819   0.0002157028   0.0006065048   0.0376577758
611   0.0001360883   0.0000284253   0.0002156910   0.0003736758   0.0376578879
612   0.0001362281   0.0000284660   0.0002156691   -0.0002374461   0.0376581440
613   0.0001362861   0.0000285103   0.0002156605   0.0002246562   0.0376583201
614   0.0001363727   0.0000285520   0.0002156423   0.0001463240   0.0376586121
615   0.0001364123   0.0000285921   0.0002156182   0.0006703837   0.0376587329
616   0.0001365296   0.0000286345   0.0002156028   0.0001466445   0.0376588616
617   0.0001365256   0.0000286761   0.0002155845   0.0007994217   0.0376591213
618   0.0001366836   0.0000287175   0.0002155654   -0.0002488043   0.0376592820
619   0.0001366357   0.0000287584   0.0002155446   -0.0000332367   0.0376594798
620   0.0001364669   0.0000288008   0.0002155295   -0.0000835537   0.0376596943
621   0.0001364441   0.0000288425   0.0002155116   -0.0005900928   0.0376598778
622   0.0001364511   0.0000288835   0.0002154913   0.0000152487   0.0376599964
623   0.0001365499   0.0000289245   0.0002154709   0.0004211922   0.0376600805
624   0.0001365909   0.0000289656   0.0002154514   -0.0002751161   0.0376602170
625   0.0001364544   0.0000290066   0.0002154310   -0.0001287200   0.0376603745
626   0.0001363927   0.0000290464   0.0002154066   -0.0001857695   0.0376604153
627   0.0001363425   0.0000290866   0.0002153838   0.0007678313   0.0376605063
628   0.0001363026   0.0000291249   0.0002153537   0.0004621874   0.0376607367
629   0.0001364738   0.0000291651   0.0002153309   0.0006766891   0.0376609470
630   0.0001366607   0.0000292083   0.0002153194   0.0009150141   0.0376611305
631   0.0001367597   0.0000292496   0.0002153005   -0.0003691999   0.0376613564
632   0.0001365661   0.0000292910   0.0002152823   -0.0002581481   0.0376614707
633   0.0001364198   0.0000293320   0.0002152629   0.0000613366   0.0376617408
634   0.0001363921   0.0000293736   0.0002152454   0.0000912471   0.0376618750
635   0.0001363281   0.0000294151   0.0002152277   0.0003753853   0.0376620207
636   0.0001363207   0.0000294601   0.0002152228   -0.0005505963   0.0376621939
637   0.0001361356   0.0000295017   0.0002152056   -0.0011299445   0.0376623670
638   0.0001360386   0.0000295440   0.0002151910   -0.0000943198   0.0376624468
639   0.0001361915   0.0000295849   0.0002151716   -0.0002771751   0.0376626473
640   0.0001359362   0.0000296264   0.0002151539   -0.0002255986   0.0376629965
641   0.0001359942   0.0000296688   0.0002151399   -0.0001300548   0.0376632722
642   0.0001360975   0.0000297100   0.0002151217   0.0000665575   0.0376634482
643   0.0001361064   0.0000297503   0.0002150999   0.0007007253   0.0376635682
644   0.0001362344   0.0000297919   0.0002150832   0.0007957257   0.0376636566
645   0.0001364614   0.0000298326   0.0002150629   -0.0004549864   0.0376638951
646   0.0001363919   0.0000298730   0.0002150418   0.0006214429   0.0376639945
647   0.0001363608   0.0000299133   0.0002150205   -0.0003292156   0.0376642642
648   0.0001360308   0.0000299556   0.0002150064   -0.0002174538   0.0376644303
649   0.0001358526   0.0000299965   0.0002149875   0.0004419565   0.0376645944
650   0.0001359412   0.0000300364   0.0002149647   -0.0001463088   0.0376647799
651   0.0001358950   0.0000300754   0.0002149389   -0.0004985171   0.0376649727
652   0.0001356514   0.0000301167   0.0002149214   -0.0004398925   0.0376651544
653   0.0001357556   0.0000301566   0.0002148990   -0.0002914442   0.0376652754
654   0.0001357147   0.0000301969   0.0002148781   -0.0003574502   0.0376655017
655   0.0001358567   0.0000302393   0.0002148649   0.0006223669   0.0376657575
656   0.0001360620   0.0000302816   0.0002148511   -0.0007928976   0.0376658806
657   0.0001359217   0.0000303224   0.0002148321   -0.0000828081   0.0376660959
658   0.0001359486   0.0000303623   0.0002148098   0.0005980249   0.0376661750
659   0.0001360865   0.0000304028   0.0002147902   -0.0004724589   0.0376664959
660   0.0001360150   0.0000304443   0.0002147738   0.0008954590   0.0376666937
661   0.0001359803   0.0000304848   0.0002147538   0.0008239916   0.0376667956
662   0.0001360556   0.0000305234   0.0002147275   0.0004532817   0.0376670235
663   0.0001360907   0.0000305657   0.0002147141   0.0000421823   0.0376671733
664   0.0001362371   0.0000306062   0.0002146945   -0.0001167720   0.0376673837
665   0.0001362927   0.0000306465   0.0002146741   -0.0001375658   0.0376676232
666   0.0001362966   0.0000306886   0.0002146601   -0.0000455521   0.0376678373
667   0.0001363998   0.0000307293   0.0002146413   0.0000730707   0.0376680199
668   0.0001363049   0.0000307689   0.0002146188   0.0001589910   0.0376681895
669   0.0001362867   0.0000308107   0.0002146039   -0.0000070327   0.0376683101
670   0.0001361811   0.0000308516   0.0002145859   -0.0002382053   0.0376684806
671   0.0001362388   0.0000308926   0.0002145684   -0.0001195676   0.0376686132
672   0.0001361718   0.0000309361   0.0002145597   -0.0001235499   0.0376687144
673   0.0001361620   0.0000309761   0.0002145388   0.0002091892   0.0376688828
674   0.0001362099   0.0000310172   0.0002145216   0.0002654766   0.0376691672
675   0.0001361459   0.0000310587   0.0002145062   0.0001471212   0.0376692398
676   0.0001360914   0.0000310995   0.0002144881   -0.0000312000   0.0376693637
677   0.0001361978   0.0000311399   0.0002144690   0.0002116810   0.0376694228
678   0.0001362638   0.0000311816   0.0002144542   0.0003937109   0.0376695159
679   0.0001364876   0.0000312210   0.0002144314   0.0001832521   0.0376696940
680   0.0001364955   0.0000312594   0.0002144056   0.0000547641   0.0376698262
681   0.0001366932   0.0000312995   0.0002143853   0.0004433355   0.0376700501
682   0.0001367968   0.0000313409   0.0002143697   -0.0001055616   0.0376702464
683   0.0001368237   0.0000313820   0.0002143533   0.0008151613   0.0376703370
684   0.0001368901   0.0000314224   0.0002143344   0.0003724116   0.0376704846
685   0.0001367488   0.0000314630   0.0002143162   0.0003598841   0.0376705892
686   0.0001367080   0.0000315052   0.0002143033   -0.0002338144   0.0376707832
687   0.0001368163   0.0000315458   0.0002142852   0.0003424756   0.0376710985
688   0.0001366753   0.0000315871   0.0002142697   0.0003669793   0.0376713249
689   0.0001367420   0.0000316292   0.0002142568   0.0008441887   0.0376715145
690   0.0001367596   0.0000316733   0.0002142505   0.0004603788   0.0376717199
691   0.0001367606   0.0000317153   0.0002142373   -0.0000477546   0.0376718286
692   0.0001365551   0.0000317565   0.0002142215   -0.0000734723   0.0376719099
693   0.0001364371   0.0000317986   0.0002142087   0.0003716677   0.0376720379
694   0.0001364584   0.0000318394   0.0002141917   0.0000949119   0.0376721748
695   0.0001364770   0.0000318797   0.0002141729   -0.0002082054   0.0376722326
696   0.0001365230   0.0000319217   0.0002141599   -0.0000881861   0.0376723082
697   0.0001364014   0.0000319637   0.0002141469   0.0002887641   0.0376724355
698   0.0001362981   0.0000320046   0.0002141305   -0.0003488016   0.0376726208
699   0.0001362700   0.0000320464   0.0002141169   -0.0000422626   0.0376727138
700   0.0001361409   0.0000320881   0.0002141032   -0.0004710376   0.0376728720
701   0.0001359970   0.0000321313   0.0002140942   -0.0003222095   0.0376730467
702   0.0001360833   0.0000321719   0.0002140767   -0.0004955917   0.0376731845
703   0.0001362097   0.0000322154   0.0002140693   -0.0001586717   0.0376733488
704   0.0001361962   0.0000322606   0.0002140670   -0.0001228391   0.0376734306
705   0.0001362689   0.0000323052   0.0002140630   0.0006957169   0.0376736711
706   0.0001363659   0.0000323488   0.0002140556   -0.0004172689   0.0376737747
707   0.0001363119   0.0000323904   0.0002140416   -0.0005349424   0.0376739781
708   0.0001362350   0.0000324329   0.0002140308   -0.0002748398   0.0376741717
709   0.0001362133   0.0000324766   0.0002140237   0.0001587235   0.0376743753
710   0.0001360067   0.0000325188   0.0002140120   0.0001902951   0.0376745727
711   0.0001359927   0.0000325615   0.0002140018   0.0003763200   0.0376748019
712   0.0001360354   0.0000326040   0.0002139909   0.0002657053   0.0376749771
713   0.0001360558   0.0000326450   0.0002139751   -0.0000616027   0.0376752053
714   0.0001360998   0.0000326871   0.0002139633   0.0002265022   0.0376753982
715   0.0001361321   0.0000327300   0.0002139537   0.0000919547   0.0376755238
716   0.0001361015   0.0000327723   0.0002139426   -0.0003282960   0.0376756184
717   0.0001360807   0.0000328165   0.0002139372   -0.0001594053   0.0376758340
718   0.0001359198   0.0000328591   0.0002139271   0.0003540833   0.0376760208
719   0.0001359494   0.0000329010   0.0002139145   0.0001428669   0.0376762091
720   0.0001358021   0.0000329439   0.0002139052   0.0005166181   0.0376762733
721   0.0001360613   0.0000329867   0.0002138956   0.0010115223   0.0376763963
722   0.0001362293   0.0000330277   0.0002138801   0.0004329639   0.0376765938
723   0.0001363050   0.0000330686   0.0002138647   0.0005351006   0.0376767404
724   0.0001364585   0.0000331099   0.0002138502   0.0001904387   0.0376768773
725   0.0001365077   0.0000331532   0.0002138424   0.0006194970   0.0376770427
726   0.0001366226   0.0000331967   0.0002138350   0.0000380306   0.0376772524
727   0.0001365741   0.0000332373   0.0002138188   0.0006775305   0.0376774323
728   0.0001367803   0.0000332791   0.0002138060   -0.0003055032   0.0376776880
729   0.0001367166   0.0000333226   0.0002137990   -0.0006386454   0.0376778276
730   0.0001365366   0.0000333648   0.0002137877   -0.0002377418   0.0376780816
731   0.0001364764   0.0000334070   0.0002137764   -0.0011498086   0.0376782610
732   0.0001364901   0.0000334485   0.0002137631   -0.0008424623   0.0376783629
733   0.0001364180   0.0000334893   0.0002137476   0.0001764175   0.0376785729
734   0.0001364628   0.0000335299   0.0002137312   0.0002991588   0.0376787243
735   0.0001366518   0.0000335715   0.0002137182   -0.0001245795   0.0376788360
736   0.0001365491   0.0000336114   0.0002137000   0.0002559225   0.0376789425
737   0.0001366195   0.0000336537   0.0002136891   -0.0001307297   0.0376791311
738   0.0001365650   0.0000336970   0.0002136816   -0.0001252125   0.0376793554
739   0.0001364873   0.0000337369   0.0002136635   -0.0004235344   0.0376794152
740   0.0001362962   0.0000337772   0.0002136466   -0.0000764247   0.0376796824
741   0.0001361746   0.0000338190   0.0002136344   -0.0005009320   0.0376797915
742   0.0001362180   0.0000338598   0.0002136193   0.0000457369   0.0376800874
743   0.0001363100   0.0000339010   0.0002136053   0.0000620092   0.0376803722
744   0.0001363391   0.0000339389   0.0002135810   0.0007226598   0.0376804585
745   0.0001363248   0.0000339809   0.0002135694   -0.0000844274   0.0376807268
746   0.0001364667   0.0000340208   0.0002135516   0.0001863646   0.0376808819
747   0.0001365687   0.0000340605   0.0002135330   0.0003251570   0.0376810870
748   0.0001364582   0.0000341029   0.0002135231   0.0005094086   0.0376811747
749   0.0001362505   0.0000341420   0.0002135029   0.0003912134   0.0376814713
750   0.0001363543   0.0000341806   0.0002134811   -0.0003688159   0.0376817171
751   0.0001364807   0.0000342198   0.0002134612   -0.0003537889   0.0376818351
752   0.0001363149   0.0000342582   0.0002134388   -0.0003277030   0.0376819696
753   0.0001361389   0.0000342996   0.0002134258   0.0003596637   0.0376820917
754   0.0001359840   0.0000343389   0.0002134063   0.0000537528   0.0376822974
755   0.0001359016   0.0000343786   0.0002133883   0.0001661817   0.0376824873
756   0.0001358655   0.0000344183   0.0002133702   -0.0003885977   0.0376826893
757   0.0001356394   0.0000344582   0.0002133529   0.0003572829   0.0376827672
758   0.0001356441   0.0000344971   0.0002133322   0.0000543785   0.0376829045
759   0.0001355096   0.0000345369   0.0002133146   0.0006230826   0.0376830789
760   0.0001356357   0.0000345767   0.0002132971   0.0001944933   0.0376830380
761   0.0001357522   0.0000346189   0.0002132869   0.0001643911   0.0376831701
762   0.0001356910   0.0000346577   0.0002132663   -0.0000267342   0.0376833159
763   0.0001357766   0.0000346982   0.0002132511   -0.0000202822   0.0376834783
764   0.0001357682   0.0000347371   0.0002132308   0.0003481969   0.0376835686
765   0.0001356131   0.0000347780   0.0002132168   0.0001250872   0.0376836738
766   0.0001357144   0.0000348191   0.0002132036   -0.0000098354   0.0376837840
767   0.0001357019   0.0000348605   0.0002131912   -0.0002523536   0.0376839162
768   0.0001357290   0.0000349012   0.0002131768   0.0001300260   0.0376841881
769   0.0001354399   0.0000349409   0.0002131592   -0.0002898845   0.0376842688
770   0.0001352740   0.0000349819   0.0002131457   0.0001555563   0.0376845386
771   0.0001353530   0.0000350224   0.0002131307   0.0001103708   0.0376848142
772   0.0001354208   0.0000350653   0.0002131228   -0.0003412769   0.0376849098
773   0.0001353799   0.0000351071   0.0002131119   0.0002032395   0.0376850163
774   0.0001355258   0.0000351471   0.0002130954   0.0003569953   0.0376852040
775   0.0001357554   0.0000351890   0.0002130849   -0.0000568887   0.0376853703
776   0.0001358042   0.0000352314   0.0002130758   -0.0002807693   0.0376855845
777   0.0001358548   0.0000352733   0.0002130651   0.0002291184   0.0376858335
778   0.0001359693   0.0000353157   0.0002130561   -0.0002300540   0.0376858901
779   0.0001360723   0.0000353568   0.0002130433   0.0003558640   0.0376859951
780   0.0001362351   0.0000353992   0.0002130344   -0.0004232459   0.0376861552
781   0.0001360946   0.0000354426   0.0002130282   -0.0002685418   0.0376862343
782   0.0001362539   0.0000354831   0.0002130137   -0.0001864204   0.0376864188
783   0.0001364052   0.0000355243   0.0002130010   -0.0004313126   0.0376866880
784   0.0001364300   0.0000355659   0.0002129898   0.0003891874   0.0376868730
785   0.0001364473   0.0000356081   0.0002129804   -0.0002482932   0.0376870675
786   0.0001364703   0.0000356477   0.0002129630   -0.0002403061   0.0376871695
787   0.0001366357   0.0000356894   0.0002129521   -0.0001501616   0.0376875304
788   0.0001365643   0.0000357312   0.0002129418   -0.0003274177   0.0376877328
789   0.0001365317   0.0000357735   0.0002129326   -0.0008739820   0.0376880284
790   0.0001364119   0.0000358159   0.0002129240   0.0000744769   0.0376881942
791   0.0001364973   0.0000358578   0.0002129136   0.0002880738   0.0376883675
792   0.0001366496   0.0000358997   0.0002129036   0.0004265933   0.0376884767
793   0.0001368164   0.0000359429   0.0002128971   -0.0010428389   0.0376886498
794   0.0001364495   0.0000359863   0.0002128916   -0.0006821297   0.0376888454
795   0.0001363173   0.0000360294   0.0002128850   -0.0000714183   0.0376889852
796   0.0001360593   0.0000360723   0.0002128777   0.0006686568   0.0376891996
797   0.0001363468   0.0000361146   0.0002128688   0.0003340386   0.0376894137
798   0.0001362849   0.0000361587   0.0002128654   -0.0001665665   0.0376896457
799   0.0001361039   0.0000362021   0.0002128599   0.0000837499   0.0376897566
800   0.0001361435   0.0000362440   0.0002128498   0.0004997544   0.0376898597
801   0.0001360291   0.0000362859   0.0002128398   -0.0003510467   0.0376899986
802   0.0001358575   0.0000363277   0.0002128293   0.0002682261   0.0376900779
803   0.0001355982   0.0000363709   0.0002128234   0.0007283480   0.0376902005
804   0.0001355959   0.0000364120   0.0002128110   0.0003132228   0.0376904638
805   0.0001357659   0.0000364548   0.0002128037   0.0009926960   0.0376906558
806   0.0001357582   0.0000364972   0.0002127953   -0.0000520555   0.0376907086
807   0.0001355380   0.0000365400   0.0002127883   0.0004928585   0.0376908194
808   0.0001356449   0.0000365815   0.0002127772   0.0003363936   0.0376908826
809   0.0001356711   0.0000366248   0.0002127715   -0.0004485490   0.0376909922
810   0.0001355772   0.0000366669   0.0002127622   -0.0007794552   0.0376910351
811   0.0001354071   0.0000367087   0.0002127521   -0.0006870673   0.0376911518
812   0.0001352333   0.0000367526   0.0002127481   -0.0001392696   0.0376913995
813   0.0001352224   0.0000367936   0.0002127358   0.0004973302   0.0376915499
814   0.0001353632   0.0000368346   0.0002127237   0.0001929034   0.0376917841
815   0.0001354614   0.0000368777   0.0002127175   0.0005950725   0.0376918400
816   0.0001354507   0.0000369202   0.0002127094   0.0008937357   0.0376921000
817   0.0001354619   0.0000369616   0.0002126984   0.0001380740   0.0376922942
818   0.0001353948   0.0000370028   0.0002126867   0.0005840729   0.0376924867
819   0.0001353589   0.0000370455   0.0002126796   0.0009117588   0.0376927385
820   0.0001351821   0.0000370886   0.0002126736   0.0002746513   0.0376929996
821   0.0001352307   0.0000371324   0.0002126693   0.0009624120   0.0376932693
822   0.0001354022   0.0000371729   0.0002126558   -0.0001529092   0.0376935126
823   0.0001354613   0.0000372141   0.0002126444   -0.0005996468   0.0376936412
824   0.0001351950   0.0000372557   0.0002126341   0.0001834490   0.0376937445
825   0.0001352092   0.0000372984   0.0002126268   -0.0001412172   0.0376939084
826   0.0001351339   0.0000373420   0.0002126222   -0.0002170799   0.0376939951
827   0.0001351825   0.0000373832   0.0002126110   -0.0001403076   0.0376941596
828   0.0001350879   0.0000374255   0.0002126025   0.0001837971   0.0376943269
829   0.0001350095   0.0000374672   0.0002125926   -0.0002895895   0.0376943835
830   0.0001350197   0.0000375098   0.0002125853   0.0001119558   0.0376944754
831   0.0001350875   0.0000375498   0.0002125708   0.0006794823   0.0376945870
832   0.0001349326   0.0000375913   0.0002125604   0.0002325730   0.0376947236
833   0.0001349569   0.0000376345   0.0002125545   0.0003297539   0.0376949342
834   0.0001350000   0.0000376779   0.0002125496   -0.0002683825   0.0376952174
835   0.0001349284   0.0000377183   0.0002125363   0.0004081490   0.0376952598
836   0.0001350853   0.0000377599   0.0002125260   -0.0000863853   0.0376954413
837   0.0001350023   0.0000378012   0.0002125153   -0.0005825161   0.0376956643
838   0.0001350171   0.0000378433   0.0002125068   0.0002662812   0.0376960352
839   0.0001349866   0.0000378845   0.0002124956   0.0010389551   0.0376963585
840   0.0001350857   0.0000379260   0.0002124852   -0.0002876035   0.0376965394
841   0.0001349822   0.0000379679   0.0002124763   0.0005718440   0.0376966906
842   0.0001352772   0.0000380104   0.0002124689   0.0004212664   0.0376968549
843   0.0001353604   0.0000380536   0.0002124633   0.0004617198   0.0376970581
844   0.0001354199   0.0000380940   0.0002124501   0.0008778100   0.0376972488
845   0.0001356651   0.0000381360   0.0002124415   -0.0004231865   0.0376975102
846   0.0001354416   0.0000381776   0.0002124316   0.0001740995   0.0376977318
847   0.0001354381   0.0000382185   0.0002124200   0.0008560373   0.0376979142
848   0.0001355245   0.0000382596   0.0002124088   0.0006730123   0.0376980879
849   0.0001357179   0.0000383010   0.0002123985   0.0003377588   0.0376981894
850   0.0001357811   0.0000383417   0.0002123861   0.0005097523   0.0376983403
851   0.0001358737   0.0000383826   0.0002123746   0.0004869319   0.0376985506
852   0.0001359114   0.0000384228   0.0002123610   -0.0001886692   0.0376986431
853   0.0001357828   0.0000384661   0.0002123561   0.0007788042   0.0376987850
854   0.0001359429   0.0000385076   0.0002123460   0.0005231424   0.0376989393
855   0.0001358647   0.0000385500   0.0002123386   0.0005324352   0.0376990617
856   0.0001358962   0.0000385925   0.0002123316   0.0011353462   0.0376991357
857   0.0001360583   0.0000386339   0.0002123214   0.0001933523   0.0376993297
858   0.0001361818   0.0000386753   0.0002123113   -0.0002372252   0.0376995796
859   0.0001361465   0.0000387171   0.0002123025   0.0003336152   0.0376997637
860   0.0001361620   0.0000387598   0.0002122960   0.0007343008   0.0376999919
861   0.0001362072   0.0000388020   0.0002122881   0.0001278990   0.0377001696
862   0.0001361118   0.0000388446   0.0002122813   0.0009416807   0.0377003744
863   0.0001363151   0.0000388855   0.0002122700   0.0004381152   0.0377005072
864   0.0001364080   0.0000389281   0.0002122632   0.0006559713   0.0377006676
865   0.0001365380   0.0000389694   0.0002122529   -0.0004656594   0.0377008322
866   0.0001364685   0.0000390114   0.0002122446   0.0006776682   0.0377009898
867   0.0001364853   0.0000390507   0.0002122290   0.0005364752   0.0377011048
868   0.0001366573   0.0000390918   0.0002122184   0.0002787597   0.0377012339
869   0.0001367605   0.0000391329   0.0002122076   0.0001341334   0.0377012967
870   0.0001366824   0.0000391744   0.0002121981   -0.0003504966   0.0377014931
871   0.0001364579   0.0000392137   0.0002121827   0.0001764946   0.0377016450
872   0.0001363244   0.0000392561   0.0002121754   -0.0002151434   0.0377018291
873   0.0001363203   0.0000392975   0.0002121657   0.0005650905   0.0377020260
874   0.0001364182   0.0000393383   0.0002121544   -0.0001687945   0.0377021809
875   0.0001363034   0.0000393784   0.0002121413   0.0009268735   0.0377023061
876   0.0001365480   0.0000394171   0.0002121243   0.0001301658   0.0377024249
877   0.0001365764   0.0000394581   0.0002121135   0.0002080920   0.0377025218
878   0.0001366189   0.0000394997   0.0002121045   -0.0002888099   0.0377026254
879   0.0001366450   0.0000395414   0.0002120956   0.0004854999   0.0377027658
880   0.0001367018   0.0000395833   0.0002120874   0.0004932587   0.0377029296
881   0.0001368088   0.0000396235   0.0002120744   0.0009658501   0.0377030798
882   0.0001370407   0.0000396668   0.0002120700   0.0004722820   0.0377032807
883   0.0001370711   0.0000397088   0.0002120621   0.0003448737   0.0377035342
884   0.0001371459   0.0000397499   0.0002120518   0.0002261137   0.0377037799
885   0.0001372615   0.0000397914   0.0002120425   0.0010025632   0.0377039880
886   0.0001374918   0.0000398321   0.0002120312   -0.0002945065   0.0377041267
887   0.0001373669   0.0000398719   0.0002120175   -0.0009887574   0.0377041741
888   0.0001372804   0.0000399124   0.0002120058   -0.0004643936   0.0377042527
889   0.0001370076   0.0000399548   0.0002119989   -0.0002914614   0.0377043301
890   0.0001367910   0.0000399959   0.0002119888   0.0001042761   0.0377044538
891   0.0001366638   0.0000400358   0.0002119755   0.0007018156   0.0377044781
892   0.0001367429   0.0000400772   0.0002119660   0.0003394779   0.0377045911
893   0.0001368043   0.0000401188   0.0002119571   0.0000984141   0.0377046209
894   0.0001366963   0.0000401599   0.0002119472   0.0002315038   0.0377048011
895   0.0001365346   0.0000402004   0.0002119355   -0.0002832062   0.0377049988
896   0.0001364781   0.0000402411   0.0002119243   0.0000120718   0.0377050947
897   0.0001361578   0.0000402832   0.0002119169   0.0003250278   0.0377053038
898   0.0001360594   0.0000403227   0.0002119027   -0.0002519887   0.0377054908
899   0.0001360335   0.0000403648   0.0002118955   0.0004959563   0.0377055703
900   0.0001360437   0.0000404054   0.0002118843   0.0001161009   0.0377057168
901   0.0001361382   0.0000404459   0.0002118726   0.0004944632   0.0377058826
902   0.0001362122   0.0000404882   0.0002118659   -0.0001108502   0.0377061573
903   0.0001362267   0.0000405287   0.0002118543   -0.0005889602   0.0377062878
904   0.0001361085   0.0000405687   0.0002118417   0.0006094304   0.0377064205
905   0.0001360930   0.0000406103   0.0002118330   0.0000696796   0.0377065335
906   0.0001359544   0.0000406513   0.0002118231   -0.0001508251   0.0377066536
907   0.0001357919   0.0000406945   0.0002118186   0.0003642307   0.0377067900
908   0.0001355790   0.0000407359   0.0002118095   0.0004401359   0.0377069754
909   0.0001356915   0.0000407770   0.0002117998   0.0001554963   0.0377072879
910   0.0001355218   0.0000408189   0.0002117922   0.0002239644   0.0377075155
911   0.0001356094   0.0000408592   0.0002117803   -0.0000148698   0.0377077156
912   0.0001358022   0.0000408998   0.0002117694   -0.0004008869   0.0377079368
913   0.0001358989   0.0000409408   0.0002117595   0.0007159955   0.0377080213
914   0.0001360182   0.0000409823   0.0002117509   0.0002193650   0.0377081008
915   0.0001361663   0.0000410236   0.0002117417   0.0001852931   0.0377082254
916   0.0001361890   0.0000410633   0.0002117285   -0.0001087649   0.0377083831
917   0.0001360532   0.0000411046   0.0002117194   -0.0000043384   0.0377085589
918   0.0001359599   0.0000411461   0.0002117109   -0.0005237387   0.0377086215
919   0.0001359215   0.0000411884   0.0002117043   -0.0006483557   0.0377087383
920   0.0001359427   0.0000412293   0.0002116941   -0.0001317237   0.0377088968
921   0.0001360314   0.0000412693   0.0002116819   0.0002120095   0.0377088998
922   0.0001359470   0.0000413121   0.0002116767   -0.0003245405   0.0377090140
923   0.0001357051   0.0000413522   0.0002116646   -0.0006125367   0.0377092056
924   0.0001357292   0.0000413947   0.0002116588   -0.0004963173   0.0377093639
925   0.0001356671   0.0000414334   0.0002116431   -0.0000179812   0.0377095914
926   0.0001357021   0.0000414740   0.0002116325   -0.0006470495   0.0377098043
927   0.0001358094   0.0000415135   0.0002116190   0.0006300308   0.0377100767
928   0.0001358473   0.0000415544   0.0002116092   0.0005754917   0.0377103460
929   0.0001360676   0.0000415943   0.0002115969   0.0006381591   0.0377104289
930   0.0001361960   0.0000416328   0.0002115809   0.0004508895   0.0377105544
931   0.0001363646   0.0000416714   0.0002115653   0.0001122635   0.0377108080
932   0.0001364002   0.0000417108   0.0002115516   0.0008764506   0.0377110064
933   0.0001364302   0.0000417517   0.0002115419   0.0007850009   0.0377110229
934   0.0001365068   0.0000417944   0.0002115367   -0.0002701603   0.0377112275
935   0.0001363098   0.0000418352   0.0002115266   0.0000459081   0.0377114385
936   0.0001364675   0.0000418757   0.0002115160   0.0009225542   0.0377116531
937   0.0001366625   0.0000419153   0.0002115031   0.0006992434   0.0377117802
938   0.0001366920   0.0000419558   0.0002114922   0.0001284394   0.0377118924
939   0.0001366502   0.0000419969   0.0002114832   0.0003313536   0.0377118949
940   0.0001367091   0.0000420382   0.0002114745   0.0004713050   0.0377120733
941   0.0001367205   0.0000420791   0.0002114650   -0.0000698156   0.0377121718
942   0.0001367030   0.0000421205   0.0002114565   0.0001536023   0.0377122046
943   0.0001367387   0.0000421617   0.0002114477   -0.0000692022   0.0377124377
944   0.0001367986   0.0000422007   0.0002114336   -0.0000971365   0.0377126653
945   0.0001368460   0.0000422413   0.0002114233   -0.0000142764   0.0377129306
946   0.0001367655   0.0000422816   0.0002114122   0.0004488011   0.0377131627
947   0.0001367297   0.0000423201   0.0002113969   -0.0002902143   0.0377131888
948   0.0001365511   0.0000423594   0.0002113832   0.0008638616   0.0377133712
949   0.0001367193   0.0000423997   0.0002113724   -0.0000918854   0.0377135970
950   0.0001368220   0.0000424411   0.0002113642   0.0006236758   0.0377136741
951   0.0001369990   0.0000424835   0.0002113586   0.0003238080   0.0377138320
952   0.0001371279   0.0000425252   0.0002113511   0.0007420342   0.0377140318
953   0.0001373182   0.0000425664   0.0002113425   0.0003114231   0.0377142043
954   0.0001375454   0.0000426076   0.0002113340   0.0009895905   0.0377144030
955   0.0001378014   0.0000426469   0.0002113207   0.0007800399   0.0377145824
956   0.0001380105   0.0000426871   0.0002113096   0.0005903426   0.0377147748
957   0.0001379905   0.0000427265   0.0002112967   0.0009273324   0.0377148493
958   0.0001382444   0.0000427694   0.0002112923   0.0002080863   0.0377150075
959   0.0001382085   0.0000428099   0.0002112822   0.0008994775   0.0377151781
960   0.0001383349   0.0000428516   0.0002112750   0.0004426185   0.0377153401
961   0.0001382298   0.0000428914   0.0002112629   0.0000593297   0.0377153287
962   0.0001381608   0.0000429322   0.0002112536   0.0005576048   0.0377154979
963   0.0001381546   0.0000429705   0.0002112380   0.0002385864   0.0377156877
964   0.0001382179   0.0000430127   0.0002112321   0.0004896257   0.0377158835
965   0.0001381436   0.0000430568   0.0002112308   0.0006344356   0.0377160289
966   0.0001380844   0.0000430974   0.0002112210   0.0003818639   0.0377162207
967   0.0001380822   0.0000431382   0.0002112115   0.0002227924   0.0377163316
968   0.0001382036   0.0000431769   0.0002111971   0.0005285780   0.0377164777
969   0.0001383706   0.0000432158   0.0002111832   0.0003657660   0.0377165509
970   0.0001385555   0.0000432556   0.0002111715   0.0007632717   0.0377168044
971   0.0001387062   0.0000432947   0.0002111581   0.0009121856   0.0377169720
972   0.0001389491   0.0000433336   0.0002111441   0.0014664078   0.0377171188
973   0.0001389028   0.0000433732   0.0002111320   0.0006213452   0.0377173069
974   0.0001389461   0.0000434132   0.0002111211   0.0006198219   0.0377173861
975   0.0001388681   0.0000434541   0.0002111122   0.0006481433   0.0377175531
976   0.0001388125   0.0000434962   0.0002111060   0.0006988524   0.0377178271
977   0.0001387845   0.0000435373   0.0002110977   0.0004433370   0.0377178841
978   0.0001387443   0.0000435776   0.0002110873   0.0003581706   0.0377180084
979   0.0001387494   0.0000436182   0.0002110777   0.0000276726   0.0377182073
980   0.0001385769   0.0000436587   0.0002110679   0.0007011801   0.0377184036
981   0.0001385629   0.0000436987   0.0002110569   0.0002357085   0.0377186157
982   0.0001383813   0.0000437379   0.0002110441   0.0005914766   0.0377188564
983   0.0001385473   0.0000437785   0.0002110347   0.0004484516   0.0377189832
984   0.0001385828   0.0000438174   0.0002110210   0.0002111757   0.0377190971
985   0.0001388145   0.0000438561   0.0002110070   0.0001695094   0.0377192146
986   0.0001389165   0.0000438955   0.0002109948   0.0005738746   0.0377193165
987   0.0001389962   0.0000439355   0.0002109838   0.0005739067   0.0377195403
988   0.0001390950   0.0000439765   0.0002109755   0.0001203870   0.0377197359
989   0.0001390947   0.0000440171   0.0002109662   -0.0002305208   0.0377199101
990   0.0001390491   0.0000440562   0.0002109530   -0.0000827555   0.0377202098
991   0.0001391627   0.0000440965   0.0002109429   -0.0003105063   0.0377204665
992   0.0001391575   0.0000441360   0.0002109311   0.0002218466   0.0377207832
993   0.0001392619   0.0000441768   0.0002109222   -0.0001309992   0.0377209126
994   0.0001392270   0.0000442192   0.0002109174   0.0005184246   0.0377211535
995   0.0001393082   0.0000442617   0.0002109127   -0.0002106799   0.0377212746
996   0.0001393032   0.0000443017   0.0002109019   0.0002723111   0.0377214161
997   0.0001394354   0.0000443446   0.0002108982   0.0007027525   0.0377215289
998   0.0001392013   0.0000443883   0.0002108963   0.0008867395   0.0377217674
999   0.0001391648   0.0000444299   0.0002108895   0.0000725243   0.0377220285
1000   0.0001388667   0.0000444699   0.0002108789   -0.0004843521   0.0377222409
