0   0.0000000000   0.0000000000   -nan   0.1614416359   0.0401888912
1   0.0000556394   0.0000000268   0.0001638474   0.0584471107   0.0401896154
2   0.0000630391   0.0000000533   0.0001632136   0.0265151361   0.0401901807
3   0.0000630744   0.0000000756   0.0001587758   0.0214743437   0.0401906204
4   0.0000639478   0.0000000981   0.0001565954   0.0211425745   0.0401910750
5   0.0000663354   0.0000001218   0.0001560678   0.0202715385   0.0401917429
6   0.0000688176   0.0000001465   0.0001562583   0.0195064488   0.0401924974
7   0.0000713225   0.0000001722   0.0001568350   0.0186878619   0.0401931698
8   0.0000734317   0.0000001985   0.0001575213   0.0171018924   0.0401935316
9   0.0000750813   0.0000002252   0.0001581745   0.0165676780   0.0401938740
10   0.0000766714   0.0000002526   0.0001589266   0.0147642915   0.0401943183
11   0.0000780492   0.0000002800   0.0001595383   0.0128840592   0.0401948798
12   0.0000791092   0.0000003075   0.0001600789   0.0129574517   0.0401953286
13   0.0000801291   0.0000003349   0.0001605100   0.0120199104   0.0401958095
14   0.0000807909   0.0000003629   0.0001610045   0.0110258866   0.0401961940
15   0.0000815385   0.0000003910   0.0001614505   0.0101606072   0.0401966689
16   0.0000818728   0.0000004192   0.0001618586   0.0099267853   0.0401971295
17   0.0000826543   0.0000004475   0.0001622499   0.0082571243   0.0401974622
18   0.0000830952   0.0000004758   0.0001625891   0.0080916550   0.0401979071
19   0.0000835307   0.0000005043   0.0001629185   0.0069222969   0.0401983566
20   0.0000835321   0.0000005322   0.0001631329   0.0076723005   0.0401988887
21   0.0000840559   0.0000005610   0.0001634522   0.0066063669   0.0401994555
22   0.0000842604   0.0000005897   0.0001637192   0.0055677472   0.0401999270
23   0.0000844326   0.0000006183   0.0001639653   0.0050785166   0.0402003523
24   0.0000846535   0.0000006470   0.0001641949   0.0056944646   0.0402008986
25   0.0000846692   0.0000006759   0.0001644319   0.0054480037   0.0402014923
26   0.0000849643   0.0000007048   0.0001646490   0.0047447922   0.0402020956
27   0.0000849197   0.0000007344   0.0001649189   0.0044600989   0.0402024953
28   0.0000851212   0.0000007639   0.0001651781   0.0045401936   0.0402030182
29   0.0000850523   0.0000007936   0.0001654241   0.0030979904   0.0402035568
30   0.0000848428   0.0000008233   0.0001656568   0.0041094463   0.0402041511
31   0.0000847559   0.0000008522   0.0001658036   0.0040330122   0.0402046235
32   0.0000849726   0.0000008818   0.0001659982   0.0040027993   0.0402051358
33   0.0000849648   0.0000009115   0.0001661998   0.0031827386   0.0402054600
34   0.0000847385   0.0000009409   0.0001663570   0.0030157088   0.0402058693
35   0.0000845753   0.0000009700   0.0001664761   0.0019387657   0.0402064069
36   0.0000843661   0.0000009992   0.0001665971   0.0017573987   0.0402067549
37   0.0000839010   0.0000010282   0.0001667011   0.0025312826   0.0402072103
38   0.0000838468   0.0000010575   0.0001668183   0.0017861120   0.0402075815
39   0.0000840450   0.0000010867   0.0001669251   0.0015604804   0.0402080183
40   0.0000840165   0.0000011159   0.0001670266   0.0006310531   0.0402084306
41   0.0000836844   0.0000011452   0.0001671312   0.0012281214   0.0402089586
42   0.0000833673   0.0000011746   0.0001672308   0.0009184833   0.0402093338
43   0.0000830920   0.0000012036   0.0001673013   0.0002436222   0.0402097033
44   0.0000829220   0.0000012329   0.0001673911   0.0007766965   0.0402100641
45   0.0000829392   0.0000012622   0.0001674799   0.0002584071   0.0402105459
46   0.0000827446   0.0000012911   0.0001675341   0.0006674294   0.0402107337
47   0.0000825826   0.0000013204   0.0001676109   0.0008755507   0.0402111853
48   0.0000825917   0.0000013498   0.0001676955   0.0014261162   0.0402117449
49   0.0000826671   0.0000013795   0.0001677912   0.0012506780   0.0402122438
50   0.0000825960   0.0000014093   0.0001678861   0.0003500932   0.0402125900
51   0.0000824831   0.0000014386   0.0001679545   0.0007495992   0.0402130735
52   0.0000821888   0.0000014679   0.0001680118   0.0000269734   0.0402135783
53   0.0000819880   0.0000014972   0.0001680774   -0.0000422446   0.0402140274
54   0.0000816011   0.0000015271   0.0001681642   0.0012368886   0.0402145264
55   0.0000815865   0.0000015572   0.0001682643   0.0003044069   0.0402148563
56   0.0000814054   0.0000015867   0.0001683258   -0.0001160700   0.0402154880
57   0.0000812756   0.0000016152   0.0001683372   -0.0001914267   0.0402158031
58   0.0000810301   0.0000016444   0.0001683802   0.0000463325   0.0402162202
59   0.0000807660   0.0000016737   0.0001684274   0.0002113107   0.0402166316
60   0.0000805201   0.0000017023   0.0001684409   0.0001838285   0.0402171722
61   0.0000803706   0.0000017313   0.0001684710   -0.0003712499   0.0402176675
62   0.0000799052   0.0000017605   0.0001685108   -0.0006121700   0.0402181250
63   0.0000794996   0.0000017891   0.0001685205   0.0000005093   0.0402185938
64   0.0000792082   0.0000018186   0.0001685699   0.0003229370   0.0402190165
65   0.0000789436   0.0000018479   0.0001686102   -0.0002852621   0.0402193003
66   0.0000789442   0.0000018765   0.0001686161   -0.0007977695   0.0402197381
67   0.0000788420   0.0000019042   0.0001685841   0.0002231465   0.0402201508
68   0.0000788469   0.0000019328   0.0001685926   -0.0002817560   0.0402204728
69   0.0000784397   0.0000019610   0.0001685813   -0.0003113301   0.0402211106
70   0.0000780569   0.0000019888   0.0001685586   -0.0008606698   0.0402215626
71   0.0000777573   0.0000020172   0.0001685545   -0.0008153714   0.0402220460
72   0.0000775796   0.0000020455   0.0001685500   -0.0003552195   0.0402225652
73   0.0000774560   0.0000020735   0.0001685333   -0.0002787917   0.0402229773
74   0.0000769507   0.0000021017   0.0001685285   -0.0009342946   0.0402234916
75   0.0000766608   0.0000021293   0.0001684946   -0.0002304032   0.0402239652
76   0.0000765387   0.0000021568   0.0001684602   -0.0007819983   0.0402244447
77   0.0000766319   0.0000021839   0.0001684105   -0.0015528805   0.0402246732
78   0.0000766397   0.0000022111   0.0001683668   -0.0014153315   0.0402251784
79   0.0000764937   0.0000022388   0.0001683426   -0.0007087382   0.0402258223
80   0.0000762950   0.0000022667   0.0001683250   -0.0009912779   0.0402261837
81   0.0000761074   0.0000022942   0.0001682961   -0.0020020653   0.0402264843
82   0.0000756940   0.0000023223   0.0001682889   -0.0005635340   0.0402268977
83   0.0000755430   0.0000023500   0.0001682667   -0.0020115244   0.0402274491
84   0.0000750860   0.0000023776   0.0001682413   -0.0021759056   0.0402278631
85   0.0000748306   0.0000024057   0.0001682343   -0.0013267464   0.0402283218
86   0.0000745395   0.0000024331   0.0001682002   -0.0004733964   0.0402288423
87   0.0000744388   0.0000024606   0.0001681745   -0.0013656993   0.0402293324
88   0.0000743708   0.0000024889   0.0001681741   -0.0011693699   0.0402299302
89   0.0000744173   0.0000025168   0.0001681610   -0.0007362621   0.0402304862
90   0.0000744270   0.0000025447   0.0001681484   -0.0000688858   0.0402309357
91   0.0000747848   0.0000025727   0.0001681402   -0.0005240799   0.0402314627
92   0.0000747567   0.0000026008   0.0001681351   -0.0007456018   0.0402318714
93   0.0000747990   0.0000026286   0.0001681197   -0.0016755540   0.0402323421
94   0.0000746271   0.0000026566   0.0001681116   -0.0012811175   0.0402325407
95   0.0000744922   0.0000026841   0.0001680877   -0.0010800828   0.0402328610
96   0.0000745653   0.0000027113   0.0001680559   -0.0007738761   0.0402332654
97   0.0000745021   0.0000027378   0.0001680009   -0.0009046189   0.0402335367
98   0.0000742783   0.0000027654   0.0001679822   -0.0010512101   0.0402340997
99   0.0000741191   0.0000027932   0.0001679714   -0.0008409214   0.0402344266
100   0.0000740192   0.0000028208   0.0001679529   -0.0004973384   0.0402349899
101   0.0000739180   0.0000028487   0.0001679424   -0.0005555913   0.0402351969
102   0.0000738941   0.0000028759   0.0001679152   -0.0002441097   0.0402355761
103   0.0000737648   0.0000029030   0.0001678819   -0.0007385064   0.0402360054
104   0.0000736267   0.0000029293   0.0001678271   -0.0008769699   0.0402362660
105   0.0000733737   0.0000029566   0.0001678048   -0.0008356579   0.0402366301
106   0.0000730114   0.0000029837   0.0001677736   -0.0011090144   0.0402370870
107   0.0000726989   0.0000030115   0.0001677641   -0.0004281032   0.0402374900
108   0.0000725657   0.0000030386   0.0001677360   -0.0013978297   0.0402380704
109   0.0000726467   0.0000030658   0.0001677100   -0.0008921012   0.0402383995
110   0.0000728404   0.0000030932   0.0001676901   -0.0006244133   0.0402386976
111   0.0000728849   0.0000031194   0.0001676386   -0.0011727852   0.0402392022
112   0.0000728879   0.0000031466   0.0001676149   -0.0014846182   0.0402396036
113   0.0000726576   0.0000031739   0.0001675936   -0.0017617367   0.0402400296
114   0.0000723861   0.0000032002   0.0001675479   -0.0013049185   0.0402404004
115   0.0000723396   0.0000032272   0.0001675189   -0.0016449210   0.0402409109
116   0.0000720040   0.0000032537   0.0001674796   -0.0014840087   0.0402412140
117   0.0000716194   0.0000032802   0.0001674392   -0.0018700973   0.0402416914
118   0.0000713699   0.0000033070   0.0001674088   -0.0008379817   0.0402422171
119   0.0000713413   0.0000033340   0.0001673829   -0.0005031326   0.0402426899
120   0.0000714665   0.0000033616   0.0001673722   -0.0012057594   0.0402431819
121   0.0000714230   0.0000033885   0.0001673446   -0.0013914764   0.0402435160
122   0.0000711607   0.0000034149   0.0001673043   -0.0016012413   0.0402439962
123   0.0000708160   0.0000034410   0.0001672587   -0.0009998885   0.0402445252
124   0.0000708252   0.0000034685   0.0001672465   -0.0009288580   0.0402447357
125   0.0000707363   0.0000034952   0.0001672176   -0.0003248153   0.0402451563
126   0.0000709142   0.0000035213   0.0001671722   -0.0006578661   0.0402458250
127   0.0000708670   0.0000035467   0.0001671138   -0.0001734315   0.0402464825
128   0.0000707229   0.0000035733   0.0001670821   -0.0000700936   0.0402468678
129   0.0000706764   0.0000035993   0.0001670377   -0.0001698734   0.0402471248
130   0.0000708875   0.0000036255   0.0001669975   0.0001734675   0.0402477465
131   0.0000711666   0.0000036511   0.0001669460   0.0002123715   0.0402481574
132   0.0000715186   0.0000036766   0.0001668918   0.0003055271   0.0402483009
133   0.0000717498   0.0000037021   0.0001668395   -0.0004606269   0.0402488818
134   0.0000720864   0.0000037285   0.0001668068   -0.0004831811   0.0402495241
135   0.0000722523   0.0000037545   0.0001667667   -0.0009039791   0.0402498074
136   0.0000724706   0.0000037803   0.0001667226   -0.0008031989   0.0402503636
137   0.0000723238   0.0000038053   0.0001666618   -0.0010955729   0.0402506404
138   0.0000721819   0.0000038311   0.0001666175   -0.0004592487   0.0402511020
139   0.0000723727   0.0000038574   0.0001665872   -0.0003538020   0.0402515322
140   0.0000726570   0.0000038847   0.0001665777   -0.0009698194   0.0402519021
141   0.0000726858   0.0000039101   0.0001665263   -0.0012607409   0.0402523684
142   0.0000725520   0.0000039367   0.0001665025   -0.0016915119   0.0402528408
143   0.0000723346   0.0000039629   0.0001664714   0.0000599214   0.0402532730
144   0.0000725960   0.0000039895   0.0001664478   -0.0007903009   0.0402538745
145   0.0000722937   0.0000040163   0.0001664281   -0.0003150140   0.0402544443
146   0.0000722512   0.0000040427   0.0001664018   -0.0013036754   0.0402549313
147   0.0000724354   0.0000040691   0.0001663769   -0.0001485619   0.0402552089
148   0.0000725212   0.0000040953   0.0001663467   -0.0012561971   0.0402554097
149   0.0000722549   0.0000041215   0.0001663169   -0.0005164466   0.0402557845
150   0.0000724362   0.0000041475   0.0001662836   -0.0010119622   0.0402564491
151   0.0000722183   0.0000041740   0.0001662596   -0.0014101828   0.0402568511
152   0.0000721488   0.0000042013   0.0001662525   -0.0013503195   0.0402571244
153   0.0000719367   0.0000042283   0.0001662412   -0.0012023056   0.0402575681
154   0.0000718704   0.0000042556   0.0001662347   -0.0013043697   0.0402581166
155   0.0000718203   0.0000042823   0.0001662163   -0.0002865186   0.0402584818
156   0.0000721716   0.0000043092   0.0001662013   -0.0010677244   0.0402588886
157   0.0000721769   0.0000043360   0.0001661867   -0.0009437420   0.0402594086
158   0.0000723244   0.0000043638   0.0001661892   -0.0002127548   0.0402600633
159   0.0000723409   0.0000043910   0.0001661820   -0.0006690688   0.0402602498
160   0.0000722997   0.0000044179   0.0001661677   -0.0015699859   0.0402608063
161   0.0000719559   0.0000044446   0.0001661505   -0.0017485305   0.0402613310
162   0.0000719716   0.0000044713   0.0001661342   -0.0011014961   0.0402617181
163   0.0000717612   0.0000044977   0.0001661114   -0.0009292617   0.0402620651
164   0.0000718512   0.0000045241   0.0001660896   -0.0011883270   0.0402623808
165   0.0000715729   0.0000045495   0.0001660496   -0.0010345388   0.0402629124
166   0.0000717142   0.0000045753   0.0001660185   -0.0011002720   0.0402633010
167   0.0000714239   0.0000046019   0.0001660007   -0.0008156373   0.0402635226
168   0.0000716361   0.0000046275   0.0001659656   -0.0010906686   0.0402639459
169   0.0000716094   0.0000046533   0.0001659347   -0.0006300282   0.0402645195
170   0.0000716268   0.0000046791   0.0001659041   0.0001698317   0.0402648451
171   0.0000718390   0.0000047055   0.0001658834   -0.0012504817   0.0402652951
172   0.0000716198   0.0000047312   0.0001658525   -0.0010899535   0.0402658378
173   0.0000717179   0.0000047586   0.0001658499   -0.0010417811   0.0402661982
174   0.0000715889   0.0000047853   0.0001658370   -0.0014057191   0.0402663989
175   0.0000711897   0.0000048105   0.0001657961   -0.0008925442   0.0402667059
176   0.0000709858   0.0000048365   0.0001657715   -0.0004167849   0.0402670760
177   0.0000709469   0.0000048627   0.0001657500   -0.0012555682   0.0402673190
178   0.0000711916   0.0000048889   0.0001657278   -0.0014589367   0.0402676548
179   0.0000709279   0.0000049145   0.0001656971   -0.0004332945   0.0402679084
180   0.0000707788   0.0000049403   0.0001656688   -0.0006294546   0.0402684167
181   0.0000708512   0.0000049656   0.0001656334   -0.0002911298   0.0402688355
182   0.0000710357   0.0000049912   0.0001656027   -0.0004595770   0.0402692197
183   0.0000709123   0.0000050169   0.0001655743   -0.0010614556   0.0402695440
184   0.0000706868   0.0000050428   0.0001655494   -0.0020372885   0.0402698033
185   0.0000705497   0.0000050689   0.0001655276   -0.0008638665   0.0402700893
186   0.0000707750   0.0000050948   0.0001655030   -0.0006995647   0.0402705086
187   0.0000708025   0.0000051201   0.0001654699   -0.0022401047   0.0402710830
188   0.0000708328   0.0000051463   0.0001654501   -0.0008630193   0.0402714196
189   0.0000708647   0.0000051710   0.0001654075   -0.0007706036   0.0402718946
190   0.0000709664   0.0000051963   0.0001653752   -0.0001572128   0.0402721836
191   0.0000708028   0.0000052215   0.0001653404   -0.0002363487   0.0402725768
192   0.0000710442   0.0000052464   0.0001653022   -0.0002630849   0.0402728940
193   0.0000713294   0.0000052717   0.0001652712   -0.0010601184   0.0402734314
194   0.0000714938   0.0000052970   0.0001652390   -0.0009954345   0.0402739989
195   0.0000715426   0.0000053222   0.0001652065   0.0000107927   0.0402742893
196   0.0000716294   0.0000053479   0.0001651824   -0.0015444766   0.0402745827
197   0.0000714442   0.0000053734   0.0001651548   -0.0012104652   0.0402749684
198   0.0000712768   0.0000054005   0.0001651526   -0.0005597838   0.0402754455
199   0.0000711058   0.0000054266   0.0001651338   -0.0004570071   0.0402758647
200   0.0000711975   0.0000054522   0.0001651092   -0.0013680327   0.0402764187
201   0.0000708610   0.0000054780   0.0001650867   -0.0001249350   0.0402768312
202   0.0000707899   0.0000055039   0.0001650671   0.0003491196   0.0402771054
203   0.0000710224   0.0000055294   0.0001650399   -0.0000509061   0.0402774484
204   0.0000709884   0.0000055556   0.0001650258   0.0001311301   0.0402779753
205   0.0000709213   0.0000055811   0.0001649999   -0.0004042176   0.0402784525
206   0.0000706884   0.0000056078   0.0001649925   -0.0011114168   0.0402790731
207   0.0000704812   0.0000056333   0.0001649661   -0.0004891404   0.0402796536
208   0.0000705701   0.0000056590   0.0001649452   -0.0008991330   0.0402801201
209   0.0000706526   0.0000056849   0.0001649253   -0.0008328365   0.0402806592
210   0.0000706978   0.0000057108   0.0001649072   -0.0015366578   0.0402810998
211   0.0000706353   0.0000057360   0.0001648777   -0.0008998367   0.0402816144
212   0.0000708344   0.0000057616   0.0001648557   -0.0001512697   0.0402819790
213   0.0000708287   0.0000057872   0.0001648336   -0.0003102795   0.0402823132
214   0.0000708615   0.0000058123   0.0001648045   -0.0014233733   0.0402827964
215   0.0000705617   0.0000058370   0.0001647697   0.0002619480   0.0402832640
216   0.0000707126   0.0000058624   0.0001647444   0.0002058682   0.0402836863
217   0.0000708552   0.0000058865   0.0001647022   -0.0008219870   0.0402842160
218   0.0000709727   0.0000059113   0.0001646693   -0.0002625196   0.0402846536
219   0.0000709835   0.0000059373   0.0001646534   -0.0005930245   0.0402850173
220   0.0000712670   0.0000059622   0.0001646229   -0.0013575688   0.0402854035
221   0.0000712223   0.0000059879   0.0001646041   -0.0000453069   0.0402858043
222   0.0000713755   0.0000060120   0.0001645635   -0.0003892539   0.0402860965
223   0.0000713769   0.0000060380   0.0001645479   -0.0011678471   0.0402863285
224   0.0000714428   0.0000060630   0.0001645201   -0.0002966158   0.0402868316
225   0.0000712671   0.0000060882   0.0001644949   -0.0016263495   0.0402872376
226   0.0000713015   0.0000061136   0.0001644729   -0.0006432710   0.0402873861
227   0.0000713825   0.0000061387   0.0001644471   0.0004898297   0.0402878406
228   0.0000717770   0.0000061642   0.0001644265   -0.0013047601   0.0402884020
229   0.0000716487   0.0000061904   0.0001644146   0.0002467528   0.0402888656
230   0.0000720979   0.0000062161   0.0001643970   -0.0000221526   0.0402890601
231   0.0000722570   0.0000062416   0.0001643768   -0.0016708218   0.0402895164
232   0.0000719965   0.0000062676   0.0001643634   -0.0006574520   0.0402897426
233   0.0000718073   0.0000062922   0.0001643320   -0.0009548170   0.0402899387
234   0.0000718298   0.0000063177   0.0001643127   -0.0002205555   0.0402902469
235   0.0000718673   0.0000063426   0.0001642854   -0.0005947184   0.0402905566
236   0.0000721018   0.0000063694   0.0001642830   0.0003648988   0.0402908779
237   0.0000722787   0.0000063956   0.0001642729   0.0000190709   0.0402910637
238   0.0000726646   0.0000064214   0.0001642573   -0.0002597935   0.0402913141
239   0.0000729173   0.0000064473   0.0001642441   -0.0001979528   0.0402917227
240   0.0000728036   0.0000064736   0.0001642354   0.0004567693   0.0402920797
241   0.0000726081   0.0000064981   0.0001642046   -0.0010760023   0.0402923303
242   0.0000723792   0.0000065243   0.0001641944   -0.0003485519   0.0402925412
243   0.0000724301   0.0000065511   0.0001641929   -0.0013819234   0.0402930967
244   0.0000722274   0.0000065764   0.0001641725   -0.0004862850   0.0402935707
245   0.0000719280   0.0000066014   0.0001641476   -0.0009159011   0.0402939599
246   0.0000716678   0.0000066259   0.0001641180   -0.0003460672   0.0402943582
247   0.0000718570   0.0000066524   0.0001641127   -0.0007494330   0.0402947237
248   0.0000717448   0.0000066788   0.0001641051   -0.0002542980   0.0402950631
249   0.0000716567   0.0000067044   0.0001640892   -0.0007160031   0.0402954648
250   0.0000715587   0.0000067300   0.0001640736   -0.0007243091   0.0402958369
251   0.0000714756   0.0000067560   0.0001640624   -0.0015627306   0.0402961088
252   0.0000714132   0.0000067814   0.0001640441   0.0001233138   0.0402964845
253   0.0000712646   0.0000068061   0.0001640165   -0.0004406550   0.0402965908
254   0.0000711764   0.0000068321   0.0001640060   -0.0022581226   0.0402970236
255   0.0000709608   0.0000068585   0.0001640000   -0.0019574067   0.0402973937
256   0.0000705526   0.0000068847   0.0001639920   -0.0015771747   0.0402977691
257   0.0000702713   0.0000069095   0.0001639674   -0.0013956050   0.0402980938
258   0.0000700652   0.0000069361   0.0001639640   -0.0006219740   0.0402982843
259   0.0000700378   0.0000069622   0.0001639546   -0.0010014232   0.0402986409
260   0.0000697114   0.0000069879   0.0001639401   -0.0006065734   0.0402989865
261   0.0000695050   0.0000070145   0.0001639378   -0.0008518384   0.0402993773
262   0.0000692872   0.0000070403   0.0001639244   0.0005018419   0.0402996595
263   0.0000691816   0.0000070664   0.0001639159   -0.0006495471   0.0402998863
264   0.0000689019   0.0000070912   0.0001638923   -0.0010301613   0.0403001565
265   0.0000690710   0.0000071169   0.0001638789   -0.0009352131   0.0403006109
266   0.0000689365   0.0000071426   0.0001638650   -0.0011841978   0.0403009350
267   0.0000689992   0.0000071685   0.0001638541   -0.0000160107   0.0403010677
268   0.0000688201   0.0000071935   0.0001638330   -0.0006384024   0.0403013610
269   0.0000687561   0.0000072178   0.0001638046   -0.0005521831   0.0403017740
270   0.0000687129   0.0000072434   0.0001637903   -0.0014520986   0.0403022080
271   0.0000685540   0.0000072687   0.0001637733   -0.0011453351   0.0403025555
272   0.0000686701   0.0000072938   0.0001637543   -0.0010250406   0.0403028726
273   0.0000686026   0.0000073192   0.0001637383   -0.0008613175   0.0403031972
274   0.0000683644   0.0000073443   0.0001637195   -0.0024285954   0.0403035848
275   0.0000680603   0.0000073691   0.0001636971   -0.0017450799   0.0403037276
276   0.0000677512   0.0000073943   0.0001636793   -0.0005669139   0.0403040199
277   0.0000677246   0.0000074200   0.0001636674   -0.0010734299   0.0403044727
278   0.0000675836   0.0000074456   0.0001636543   -0.0007370328   0.0403047729
279   0.0000676478   0.0000074708   0.0001636366   -0.0002145086   0.0403048555
280   0.0000676032   0.0000074952   0.0001636113   -0.0012018442   0.0403050668
281   0.0000675941   0.0000075197   0.0001635868   -0.0008209344   0.0403055448
282   0.0000674876   0.0000075451   0.0001635716   -0.0004234193   0.0403058907
283   0.0000678586   0.0000075700   0.0001635520   0.0006586958   0.0403062056
284   0.0000680961   0.0000075946   0.0001635280   -0.0006365040   0.0403066491
285   0.0000681861   0.0000076204   0.0001635181   -0.0013506617   0.0403070221
286   0.0000679391   0.0000076451   0.0001634961   -0.0019175118   0.0403071535
287   0.0000675441   0.0000076700   0.0001634771   -0.0008957191   0.0403073889
288   0.0000678036   0.0000076947   0.0001634560   -0.0005539140   0.0403076783
289   0.0000675511   0.0000077193   0.0001634334   -0.0009780702   0.0403078258
290   0.0000674274   0.0000077446   0.0001634187   0.0000253456   0.0403083007
291   0.0000675881   0.0000077685   0.0001633892   -0.0001236325   0.0403086105
292   0.0000677363   0.0000077930   0.0001633653   0.0004459323   0.0403089038
293   0.0000677532   0.0000078180   0.0001633479   -0.0011562948   0.0403093231
294   0.0000675899   0.0000078434   0.0001633343   0.0000796785   0.0403095302
295   0.0000676299   0.0000078686   0.0001633196   -0.0001769607   0.0403098209
296   0.0000676397   0.0000078936   0.0001633020   -0.0007037520   0.0403102563
297   0.0000673905   0.0000079177   0.0001632757   -0.0009625511   0.0403106659
298   0.0000672971   0.0000079434   0.0001632655   -0.0002209889   0.0403109577
299   0.0000674574   0.0000079673   0.0001632376   -0.0003566088   0.0403114660
300   0.0000675227   0.0000079918   0.0001632155   0.0002085972   0.0403117933
301   0.0000678016   0.0000080162   0.0001631928   -0.0002650372   0.0403121021
302   0.0000682296   0.0000080407   0.0001631715   -0.0005875702   0.0403123182
303   0.0000683893   0.0000080659   0.0001631568   0.0000947428   0.0403127598
304   0.0000683208   0.0000080907   0.0001631389   -0.0005094681   0.0403131054
305   0.0000684384   0.0000081146   0.0001631116   -0.0004918956   0.0403132909
306   0.0000687752   0.0000081381   0.0001630801   -0.0005633849   0.0403135279
307   0.0000690676   0.0000081637   0.0001630697   -0.0008373609   0.0403136608
308   0.0000692731   0.0000081886   0.0001630537   -0.0003350688   0.0403139237
309   0.0000695083   0.0000082133   0.0001630345   -0.0006473896   0.0403141601
310   0.0000693812   0.0000082392   0.0001630282   -0.0008214599   0.0403144803
311   0.0000692687   0.0000082644   0.0001630147   -0.0008888438   0.0403147160
312   0.0000690679   0.0000082908   0.0001630130   0.0000051801   0.0403148352
313   0.0000690920   0.0000083162   0.0001630008   -0.0008309408   0.0403151462
314   0.0000690648   0.0000083393   0.0001629670   0.0001973874   0.0403154417
315   0.0000690706   0.0000083636   0.0001629447   -0.0003999824   0.0403158099
316   0.0000692370   0.0000083887   0.0001629313   -0.0002927526   0.0403161884
317   0.0000692726   0.0000084140   0.0001629186   -0.0004254272   0.0403164950
318   0.0000691131   0.0000084382   0.0001628961   -0.0003772605   0.0403166656
319   0.0000689527   0.0000084642   0.0001628914   -0.0008095030   0.0403171106
320   0.0000689253   0.0000084883   0.0001628682   -0.0007333658   0.0403173168
321   0.0000688927   0.0000085120   0.0001628412   -0.0000108846   0.0403175855
322   0.0000691846   0.0000085374   0.0001628301   -0.0001352885   0.0403176585
323   0.0000693611   0.0000085613   0.0001628052   0.0002690393   0.0403178552
324   0.0000692007   0.0000085851   0.0001627801   0.0000202181   0.0403182011
325   0.0000691527   0.0000086107   0.0001627710   0.0005412574   0.0403185953
326   0.0000694209   0.0000086346   0.0001627465   -0.0003390846   0.0403190506
327   0.0000695926   0.0000086582   0.0001627200   -0.0009939894   0.0403193521
328   0.0000693803   0.0000086835   0.0001627085   -0.0002364565   0.0403196415
329   0.0000691263   0.0000087086   0.0001626954   -0.0013825420   0.0403199708
330   0.0000692847   0.0000087322   0.0001626688   -0.0013146881   0.0403202394
331   0.0000692185   0.0000087559   0.0001626432   -0.0010492287   0.0403204426
332   0.0000689790   0.0000087797   0.0001626187   -0.0011696367   0.0403209110
333   0.0000689795   0.0000088039   0.0001625980   -0.0015992099   0.0403211388
334   0.0000687668   0.0000088282   0.0001625780   -0.0015868586   0.0403214024
335   0.0000685849   0.0000088528   0.0001625618   -0.0011848980   0.0403216241
336   0.0000685524   0.0000088769   0.0001625400   -0.0007870392   0.0403219649
337   0.0000688186   0.0000089025   0.0001625330   0.0001058439   0.0403223103
338   0.0000692344   0.0000089268   0.0001625136   0.0002137763   0.0403228593
339   0.0000694711   0.0000089519   0.0001625016   -0.0004945160   0.0403231270
340   0.0000696559   0.0000089758   0.0001624791   -0.0017498594   0.0403234438
341   0.0000694825   0.0000090016   0.0001624733   -0.0017536048   0.0403237552
342   0.0000693862   0.0000090248   0.0001624451   -0.0008158779   0.0403241298
343   0.0000692824   0.0000090509   0.0001624425   -0.0012732063   0.0403244937
344   0.0000692736   0.0000090771   0.0001624405   -0.0011082228   0.0403248520
345   0.0000692161   0.0000091025   0.0001624316   -0.0020686340   0.0403250377
346   0.0000689186   0.0000091281   0.0001624245   -0.0023070434   0.0403255714
347   0.0000686129   0.0000091548   0.0001624279   -0.0013114189   0.0403258300
348   0.0000684419   0.0000091803   0.0001624196   -0.0018862625   0.0403263707
349   0.0000684133   0.0000092064   0.0001624170   -0.0015369358   0.0403267806
350   0.0000685924   0.0000092311   0.0001624024   -0.0012524795   0.0403271661
351   0.0000687302   0.0000092566   0.0001623950   -0.0005972065   0.0403275963
352   0.0000686046   0.0000092816   0.0001623829   -0.0012287647   0.0403279701
353   0.0000684189   0.0000093064   0.0001623692   -0.0010195448   0.0403283526
354   0.0000681214   0.0000093319   0.0001623614   -0.0013281544   0.0403287091
355   0.0000679478   0.0000093551   0.0001623339   -0.0016134227   0.0403288972
356   0.0000676317   0.0000093794   0.0001623167   -0.0004275409   0.0403295805
357   0.0000674874   0.0000094058   0.0001623168   -0.0004047098   0.0403300125
358   0.0000674562   0.0000094312   0.0001623089   -0.0014802291   0.0403304719
359   0.0000673561   0.0000094557   0.0001622928   -0.0011649343   0.0403307541
360   0.0000672395   0.0000094805   0.0001622797   -0.0008890884   0.0403311919
361   0.0000671272   0.0000095051   0.0001622647   -0.0017985770   0.0403315441
362   0.0000668977   0.0000095296   0.0001622491   -0.0015383256   0.0403320445
363   0.0000667211   0.0000095533   0.0001622267   -0.0009599617   0.0403324212
364   0.0000664180   0.0000095770   0.0001622046   -0.0008903766   0.0403328023
365   0.0000665808   0.0000096009   0.0001621845   -0.0012402640   0.0403331559
366   0.0000663584   0.0000096265   0.0001621784   -0.0007646870   0.0403333796
367   0.0000662849   0.0000096501   0.0001621560   -0.0007200281   0.0403338279
368   0.0000659842   0.0000096734   0.0001621312   -0.0017910907   0.0403341827
369   0.0000658222   0.0000096975   0.0001621123   -0.0006702120   0.0403345497
370   0.0000657085   0.0000097217   0.0001620954   -0.0024246679   0.0403348101
371   0.0000652753   0.0000097455   0.0001620743   -0.0021788532   0.0403350442
372   0.0000651835   0.0000097692   0.0001620534   -0.0015902956   0.0403353766
373   0.0000651063   0.0000097942   0.0001620426   -0.0010817693   0.0403357073
374   0.0000648520   0.0000098179   0.0001620219   -0.0009944603   0.0403362129
375   0.0000648861   0.0000098417   0.0001620015   -0.0009419840   0.0403366175
376   0.0000647664   0.0000098641   0.0001619698   -0.0015215182   0.0403369604
377   0.0000647617   0.0000098892   0.0001619611   -0.0002288918   0.0403372200
378   0.0000647433   0.0000099135   0.0001619450   -0.0006700715   0.0403375329
379   0.0000646016   0.0000099361   0.0001619154   -0.0012809167   0.0403378925
380   0.0000645901   0.0000099600   0.0001618968   -0.0008564232   0.0403383392
381   0.0000644209   0.0000099850   0.0001618870   -0.0012123842   0.0403385674
382   0.0000644806   0.0000100077   0.0001618587   -0.0015886826   0.0403388999
383   0.0000640821   0.0000100313   0.0001618372   -0.0023751189   0.0403391414
384   0.0000639532   0.0000100545   0.0001618132   -0.0005188744   0.0403394334
385   0.0000639734   0.0000100793   0.0001618025   -0.0009966981   0.0403398350
386   0.0000640603   0.0000101030   0.0001617828   -0.0012518120   0.0403401181
387   0.0000641050   0.0000101259   0.0001617561   -0.0004346473   0.0403402742
388   0.0000639850   0.0000101490   0.0001617323   -0.0004414390   0.0403405536
389   0.0000641117   0.0000101712   0.0001617005   0.0004279327   0.0403407583
390   0.0000641692   0.0000101936   0.0001616708   -0.0002046078   0.0403409297
391   0.0000640997   0.0000102167   0.0001616468   0.0004389180   0.0403412523
392   0.0000641356   0.0000102390   0.0001616162   -0.0007940636   0.0403416504
393   0.0000640458   0.0000102631   0.0001616006   -0.0004155434   0.0403419381
394   0.0000638918   0.0000102870   0.0001615832   -0.0003239165   0.0403423829
395   0.0000637598   0.0000103102   0.0001615600   -0.0003395610   0.0403425140
396   0.0000638834   0.0000103335   0.0001615382   0.0002838533   0.0403425562
397   0.0000639917   0.0000103564   0.0001615133   -0.0004677351   0.0403426967
398   0.0000640515   0.0000103798   0.0001614930   0.0002995143   0.0403429412
399   0.0000639652   0.0000104039   0.0001614771   0.0005339509   0.0403432601
400   0.0000642040   0.0000104284   0.0001614649   0.0009820143   0.0403435748
401   0.0000646527   0.0000104522   0.0001614475   -0.0008205664   0.0403438720
402   0.0000644926   0.0000104753   0.0001614246   -0.0002823965   0.0403441382
403   0.0000643983   0.0000105001   0.0001614149   -0.0005882767   0.0403443894
404   0.0000640419   0.0000105239   0.0001613977   -0.0010031036   0.0403447967
405   0.0000636272   0.0000105479   0.0001613821   -0.0009161384   0.0403447661
406   0.0000632039   0.0000105700   0.0001613518   -0.0003590769   0.0403449536
407   0.0000630648   0.0000105929   0.0001613280   -0.0005097241   0.0403451739
408   0.0000629555   0.0000106157   0.0001613034   -0.0018545091   0.0403452160
409   0.0000626476   0.0000106381   0.0001612763   -0.0004826823   0.0403455297
410   0.0000624205   0.0000106602   0.0001612464   -0.0012265864   0.0403456857
411   0.0000618982   0.0000106833   0.0001612246   -0.0014951564   0.0403460025
412   0.0000616128   0.0000107054   0.0001611954   -0.0005933029   0.0403462272
413   0.0000616843   0.0000107306   0.0001611893   -0.0006032489   0.0403464536
414   0.0000614386   0.0000107535   0.0001611668   -0.0007706639   0.0403466371
415   0.0000612203   0.0000107779   0.0001611546   -0.0001371432   0.0403470609
416   0.0000612134   0.0000108024   0.0001611437   0.0001449747   0.0403473187
417   0.0000612586   0.0000108259   0.0001611257   0.0001282951   0.0403476120
418   0.0000612070   0.0000108510   0.0001611188   -0.0001303901   0.0403479589
419   0.0000610259   0.0000108754   0.0001611074   -0.0005148117   0.0403483298
420   0.0000612223   0.0000108993   0.0001610926   -0.0009378896   0.0403485267
421   0.0000614580   0.0000109234   0.0001610788   -0.0005315775   0.0403488849
422   0.0000616755   0.0000109476   0.0001610656   -0.0006281243   0.0403491255
423   0.0000614126   0.0000109733   0.0001610637   -0.0013549400   0.0403493836
424   0.0000612896   0.0000109968   0.0001610459   -0.0017750488   0.0403497399
425   0.0000610370   0.0000110206   0.0001610304   -0.0005698029   0.0403501888
426   0.0000610423   0.0000110445   0.0001610157   -0.0004581653   0.0403504860
427   0.0000611241   0.0000110675   0.0001609947   -0.0001936104   0.0403506697
428   0.0000610986   0.0000110910   0.0001609768   -0.0004963212   0.0403509841
429   0.0000608304   0.0000111136   0.0001609527   -0.0011518855   0.0403511763
430   0.0000607952   0.0000111372   0.0001609364   -0.0004441867   0.0403514451
431   0.0000607481   0.0000111604   0.0001609168   -0.0010580768   0.0403517596
432   0.0000605292   0.0000111834   0.0001608962   -0.0003288742   0.0403517545
433   0.0000604989   0.0000112074   0.0001608820   -0.0002150889   0.0403521037
434   0.0000605501   0.0000112311   0.0001608670   0.0001534964   0.0403523109
435   0.0000605788   0.0000112552   0.0001608538   -0.0005351824   0.0403524424
436   0.0000604154   0.0000112778   0.0001608309   -0.0005409597   0.0403524801
437   0.0000603011   0.0000113014   0.0001608148   -0.0006882535   0.0403525446
438   0.0000601338   0.0000113247   0.0001607965   -0.0010888462   0.0403527653
439   0.0000597474   0.0000113463   0.0001607661   -0.0003953506   0.0403530789
440   0.0000599100   0.0000113688   0.0001607429   -0.0007186763   0.0403532378
441   0.0000599270   0.0000113922   0.0001607251   -0.0005782155   0.0403535054
442   0.0000598916   0.0000114149   0.0001607030   -0.0013847775   0.0403538469
443   0.0000598131   0.0000114392   0.0001606925   -0.0001603747   0.0403541982
444   0.0000600897   0.0000114615   0.0001606679   -0.0001833715   0.0403544869
445   0.0000601781   0.0000114849   0.0001606507   -0.0002492142   0.0403549709
446   0.0000603309   0.0000115075   0.0001606289   -0.0000830769   0.0403551824
447   0.0000602526   0.0000115323   0.0001606217   -0.0004368334   0.0403553295
448   0.0000602109   0.0000115554   0.0001606032   -0.0005601863   0.0403554727
449   0.0000604108   0.0000115797   0.0001605923   -0.0011188827   0.0403557326
450   0.0000603977   0.0000116025   0.0001605721   -0.0002059152   0.0403557420
451   0.0000603102   0.0000116262   0.0001605575   -0.0005346789   0.0403559822
452   0.0000601698   0.0000116490   0.0001605369   0.0001259687   0.0403563502
453   0.0000605632   0.0000116734   0.0001605278   -0.0010041520   0.0403567275
454   0.0000602463   0.0000116971   0.0001605134   -0.0002415139   0.0403570015
455   0.0000600498   0.0000117203   0.0001604961   0.0003816361   0.0403572637
456   0.0000604242   0.0000117440   0.0001604819   0.0001558005   0.0403575098
457   0.0000604549   0.0000117671   0.0001604638   -0.0011225709   0.0403578319
458   0.0000600434   0.0000117916   0.0001604550   0.0000538573   0.0403580938
459   0.0000600221   0.0000118165   0.0001604491   -0.0008727514   0.0403584765
460   0.0000597832   0.0000118408   0.0001604398   -0.0005825650   0.0403586592
461   0.0000596112   0.0000118643   0.0001604242   -0.0005977686   0.0403590325
462   0.0000595641   0.0000118865   0.0001604008   -0.0003577421   0.0403592536
463   0.0000592907   0.0000119100   0.0001603859   -0.0007348841   0.0403595702
464   0.0000587833   0.0000119336   0.0001603712   -0.0015723780   0.0403597534
465   0.0000586600   0.0000119567   0.0001603541   -0.0000303404   0.0403601199
466   0.0000587173   0.0000119774   0.0001603206   -0.0003724783   0.0403602524
467   0.0000587483   0.0000119992   0.0001602943   0.0000941720   0.0403605794
468   0.0000586705   0.0000120225   0.0001602780   -0.0000554603   0.0403610049
469   0.0000584567   0.0000120458   0.0001602626   0.0000062789   0.0403614510
470   0.0000583420   0.0000120702   0.0001602535   -0.0004850770   0.0403618088
471   0.0000581709   0.0000120932   0.0001602362   -0.0008168797   0.0403621012
472   0.0000577106   0.0000121178   0.0001602287   -0.0005123511   0.0403624400
473   0.0000576170   0.0000121417   0.0001602173   -0.0013204723   0.0403628289
474   0.0000571910   0.0000121664   0.0001602108   -0.0013959207   0.0403633215
475   0.0000569182   0.0000121909   0.0001602032   -0.0006694751   0.0403636993
476   0.0000564911   0.0000122162   0.0001602009   -0.0006234489   0.0403638722
477   0.0000564057   0.0000122411   0.0001601960   -0.0006465204   0.0403640145
478   0.0000564275   0.0000122642   0.0001601788   0.0000900473   0.0403643304
479   0.0000567893   0.0000122858   0.0001601526   -0.0011916330   0.0403649036
480   0.0000566012   0.0000123095   0.0001601398   -0.0006785898   0.0403654908
481   0.0000565721   0.0000123347   0.0001601368   -0.0003440284   0.0403659216
482   0.0000565114   0.0000123588   0.0001601267   -0.0006346816   0.0403662249
483   0.0000564467   0.0000123817   0.0001601091   -0.0002843678   0.0403665359
484   0.0000563298   0.0000124045   0.0001600912   -0.0019807591   0.0403667651
485   0.0000559799   0.0000124280   0.0001600770   -0.0003928261   0.0403669990
486   0.0000558051   0.0000124516   0.0001600643   -0.0009009363   0.0403672573
487   0.0000557663   0.0000124750   0.0001600498   -0.0004269208   0.0403674296
488   0.0000556209   0.0000124980   0.0001600332   -0.0016768785   0.0403675774
489   0.0000556252   0.0000125222   0.0001600241   -0.0005548049   0.0403676382
490   0.0000555514   0.0000125467   0.0001600175   0.0000586799   0.0403678598
491   0.0000556587   0.0000125693   0.0001599984   0.0003201408   0.0403680415
492   0.0000558776   0.0000125931   0.0001599864   0.0002981535   0.0403684580
493   0.0000559378   0.0000126168   0.0001599743   -0.0000057644   0.0403689673
494   0.0000557710   0.0000126414   0.0001599681   0.0000980009   0.0403692539
495   0.0000558979   0.0000126644   0.0001599518   0.0001928696   0.0403694658
496   0.0000560853   0.0000126870   0.0001599329   0.0005875579   0.0403698103
497   0.0000562416   0.0000127097   0.0001599148   -0.0005986025   0.0403699279
498   0.0000562571   0.0000127321   0.0001598950   0.0003648462   0.0403701669
499   0.0000562872   0.0000127564   0.0001598873   -0.0007234505   0.0403705273
500   0.0000563456   0.0000127789   0.0001598678   0.0002270112   0.0403708251
501   0.0000565123   0.0000128030   0.0001598588   0.0001635847   0.0403711275
502   0.0000566712   0.0000128273   0.0001598512   0.0001373782   0.0403714140
503   0.0000569476   0.0000128512   0.0001598411   0.0012370027   0.0403715413
504   0.0000574236   0.0000128754   0.0001598323   0.0004966121   0.0403717668
505   0.0000573799   0.0000129012   0.0001598338   0.0004027690   0.0403719425
506   0.0000574281   0.0000129257   0.0001598277   -0.0001127622   0.0403722987
507   0.0000575353   0.0000129488   0.0001598124   -0.0001022791   0.0403726318
508   0.0000576950   0.0000129712   0.0001597933   0.0003225925   0.0403730008
509   0.0000579172   0.0000129957   0.0001597866   -0.0003435938   0.0403731795
510   0.0000581225   0.0000130180   0.0001597672   -0.0004317481   0.0403735434
511   0.0000581289   0.0000130392   0.0001597408   -0.0001238142   0.0403738192
512   0.0000579851   0.0000130637   0.0001597343   -0.0011054855   0.0403740707
513   0.0000579049   0.0000130867   0.0001597187   -0.0001988648   0.0403744903
514   0.0000580466   0.0000131102   0.0001597066   0.0002413815   0.0403747920
515   0.0000581636   0.0000131333   0.0001596923   0.0000624482   0.0403751878
516   0.0000581227   0.0000131572   0.0001596822   -0.0002330148   0.0403755790
517   0.0000584341   0.0000131817   0.0001596765   -0.0001485307   0.0403759559
518   0.0000585802   0.0000132055   0.0001596660   0.0007196038   0.0403762148
519   0.0000589225   0.0000132298   0.0001596591   0.0002514298   0.0403764204
520   0.0000589713   0.0000132542   0.0001596523   0.0006892479   0.0403768186
521   0.0000591820   0.0000132785   0.0001596451   0.0004026583   0.0403770288
522   0.0000591175   0.0000133019   0.0001596324   0.0004079314   0.0403773392
523   0.0000591773   0.0000133255   0.0001596215   -0.0000787561   0.0403776093
524   0.0000593079   0.0000133496   0.0001596128   0.0005954372   0.0403779976
525   0.0000597016   0.0000133733   0.0001596026   0.0002699079   0.0403784435
526   0.0000595557   0.0000133956   0.0001595833   0.0001664705   0.0403786338
527   0.0000596211   0.0000134196   0.0001595748   -0.0005913477   0.0403787514
528   0.0000598541   0.0000134426   0.0001595602   -0.0000231092   0.0403790009
529   0.0000598299   0.0000134653   0.0001595439   0.0002374094   0.0403791933
530   0.0000601930   0.0000134879   0.0001595271   0.0009076755   0.0403794588
531   0.0000604223   0.0000135113   0.0001595146   0.0002059203   0.0403796761
532   0.0000606593   0.0000135351   0.0001595053   0.0000152349   0.0403801215
533   0.0000605856   0.0000135602   0.0001595034   -0.0000709255   0.0403804498
534   0.0000606839   0.0000135827   0.0001594859   0.0004991370   0.0403806156
535   0.0000606655   0.0000136069   0.0001594785   -0.0001576316   0.0403807591
536   0.0000605794   0.0000136308   0.0001594699   0.0003415566   0.0403810984
537   0.0000605080   0.0000136528   0.0001594498   -0.0000010510   0.0403814945
538   0.0000602620   0.0000136765   0.0001594395   0.0008024957   0.0403818765
539   0.0000603716   0.0000136992   0.0001594239   -0.0001518892   0.0403820880
540   0.0000603229   0.0000137212   0.0001594041   -0.0001024931   0.0403823045
541   0.0000603221   0.0000137445   0.0001593919   -0.0007369468   0.0403825658
542   0.0000602372   0.0000137685   0.0001593837   -0.0005997968   0.0403829395
543   0.0000602362   0.0000137918   0.0001593713   0.0005230818   0.0403831693
544   0.0000602538   0.0000138127   0.0001593458   0.0002544611   0.0403834476
545   0.0000604000   0.0000138359   0.0001593327   0.0011435722   0.0403836304
546   0.0000610182   0.0000138603   0.0001593270   0.0008244751   0.0403839541
547   0.0000613102   0.0000138832   0.0001593128   0.0003560012   0.0403842499
548   0.0000613145   0.0000139069   0.0001593031   0.0007609570   0.0403845646
549   0.0000617371   0.0000139296   0.0001592879   0.0004791131   0.0403848682
550   0.0000616549   0.0000139523   0.0001592730   0.0010534825   0.0403851076
551   0.0000620059   0.0000139773   0.0001592708   0.0002640460   0.0403853809
552   0.0000620538   0.0000140010   0.0001592609   0.0014697110   0.0403856124
553   0.0000621137   0.0000140255   0.0001592565   0.0005476296   0.0403858342
554   0.0000622832   0.0000140496   0.0001592489   -0.0003488001   0.0403860265
555   0.0000622605   0.0000140727   0.0001592362   0.0001862486   0.0403863186
556   0.0000620984   0.0000140961   0.0001592253   -0.0007650361   0.0403864064
557   0.0000622767   0.0000141197   0.0001592154   0.0002104774   0.0403865890
558   0.0000622627   0.0000141429   0.0001592031   0.0004867604   0.0403869245
559   0.0000626671   0.0000141661   0.0001591912   0.0003831188   0.0403872026
560   0.0000626999   0.0000141898   0.0001591821   0.0004331410   0.0403874849
561   0.0000629733   0.0000142145   0.0001591786   0.0000126319   0.0403877637
562   0.0000630486   0.0000142358   0.0001591559   -0.0006537472   0.0403880321
563   0.0000631832   0.0000142586   0.0001591420   -0.0002253003   0.0403882692
564   0.0000632909   0.0000142835   0.0001591392   -0.0008970428   0.0403884185
565   0.0000630525   0.0000143052   0.0001591191   -0.0004527626   0.0403886967
566   0.0000629330   0.0000143291   0.0001591115   -0.0003153732   0.0403889620
567   0.0000629379   0.0000143541   0.0001591098   -0.0004575565   0.0403892389
568   0.0000631346   0.0000143757   0.0001590890   0.0001811394   0.0403894655
569   0.0000631399   0.0000144003   0.0001590850   -0.0003939013   0.0403898359
570   0.0000630332   0.0000144234   0.0001590731   0.0000105328   0.0403899286
571   0.0000630061   0.0000144474   0.0001590658   -0.0006393795   0.0403901637
572   0.0000627862   0.0000144703   0.0001590527   -0.0007226446   0.0403904651
573   0.0000625848   0.0000144958   0.0001590535   -0.0000779580   0.0403906800
574   0.0000628117   0.0000145190   0.0001590422   0.0001654078   0.0403908998
575   0.0000629121   0.0000145423   0.0001590314   -0.0007501804   0.0403911474
576   0.0000629048   0.0000145657   0.0001590207   -0.0004599392   0.0403913909
577   0.0000630671   0.0000145893   0.0001590118   -0.0013556818   0.0403915038
578   0.0000628254   0.0000146131   0.0001590037   -0.0005084854   0.0403918552
579   0.0000625084   0.0000146343   0.0001589817   -0.0015851184   0.0403922905
580   0.0000620928   0.0000146595   0.0001589811   -0.0010297641   0.0403925277
581   0.0000617960   0.0000146805   0.0001589581   -0.0008975468   0.0403925384
582   0.0000616487   0.0000147033   0.0001589446   0.0002356029   0.0403929562
583   0.0000618181   0.0000147259   0.0001589302   -0.0010916559   0.0403932386
584   0.0000617815   0.0000147485   0.0001589161   -0.0009710125   0.0403934815
585   0.0000615869   0.0000147710   0.0001589014   -0.0007343681   0.0403934536
586   0.0000613732   0.0000147926   0.0001588816   -0.0001734565   0.0403937726
587   0.0000613120   0.0000148160   0.0001588717   0.0003163559   0.0403939211
588   0.0000613117   0.0000148402   0.0001588661   -0.0006411946   0.0403943136
589   0.0000608170   0.0000148633   0.0001588545   -0.0008337240   0.0403946188
590   0.0000607202   0.0000148861   0.0001588415   -0.0002842572   0.0403947958
591   0.0000606088   0.0000149084   0.0001588261   -0.0001587533   0.0403951640
592   0.0000604866   0.0000149322   0.0001588182   -0.0003708058   0.0403955807
593   0.0000604199   0.0000149563   0.0001588123   -0.0000094950   0.0403958572
594   0.0000602290   0.0000149797   0.0001588030   -0.0003539791   0.0403961981
595   0.0000601689   0.0000150048   0.0001588025   0.0006879636   0.0403964285
596   0.0000600832   0.0000150292   0.0001587979   0.0001609223   0.0403967816
597   0.0000598821   0.0000150513   0.0001587812   0.0007999130   0.0403970017
598   0.0000598483   0.0000150732   0.0001587639   0.0000153028   0.0403972670
599   0.0000598579   0.0000150947   0.0001587445   -0.0003583212   0.0403974199
600   0.0000598956   0.0000151184   0.0001587367   -0.0000438034   0.0403977402
601   0.0000599387   0.0000151427   0.0001587320   0.0001984465   0.0403978325
602   0.0000598720   0.0000151663   0.0001587237   -0.0003425489   0.0403980059
603   0.0000598265   0.0000151887   0.0001587092   -0.0008551006   0.0403983396
604   0.0000597156   0.0000152111   0.0001586946   -0.0007242360   0.0403984460
605   0.0000592203   0.0000152336   0.0001586805   0.0000865754   0.0403988593
606   0.0000592768   0.0000152556   0.0001586641   0.0001346225   0.0403990844
607   0.0000591062   0.0000152757   0.0001586378   0.0006499208   0.0403993027
608   0.0000591209   0.0000152972   0.0001586187   -0.0003870200   0.0403995335
609   0.0000592836   0.0000153194   0.0001586030   -0.0001061337   0.0403997757
610   0.0000594638   0.0000153415   0.0001585877   -0.0001937987   0.0403998431
611   0.0000593298   0.0000153660   0.0001585840   -0.0004937690   0.0404001536
612   0.0000591616   0.0000153879   0.0001585675   -0.0002323760   0.0404005898
613   0.0000591140   0.0000154079   0.0001585412   0.0000776398   0.0404010491
614   0.0000592262   0.0000154316   0.0001585334   0.0007901765   0.0404013896
615   0.0000594219   0.0000154528   0.0001585133   -0.0000670843   0.0404018086
616   0.0000594249   0.0000154755   0.0001585008   0.0000501841   0.0404019750
617   0.0000596780   0.0000154980   0.0001584875   0.0011019953   0.0404022283
618   0.0000598415   0.0000155200   0.0001584715   0.0004073279   0.0404024463
619   0.0000600141   0.0000155432   0.0001584617   0.0004258453   0.0404026140
620   0.0000601243   0.0000155688   0.0001584646   0.0003376318   0.0404028281
621   0.0000598876   0.0000155913   0.0001584510   -0.0001025105   0.0404031093
622   0.0000597008   0.0000156132   0.0001584349   0.0006330669   0.0404032922
623   0.0000598607   0.0000156367   0.0001584268   -0.0001527277   0.0404034177
624   0.0000598154   0.0000156585   0.0001584099   0.0001426946   0.0404036407
625   0.0000596946   0.0000156807   0.0001583955   0.0002299109   0.0404039403
626   0.0000597128   0.0000157049   0.0001583908   -0.0003171355   0.0404039989
627   0.0000594932   0.0000157258   0.0001583697   -0.0003129249   0.0404042069
628   0.0000591161   0.0000157481   0.0001583561   -0.0004445725   0.0404044870
629   0.0000589109   0.0000157718   0.0001583490   -0.0007575629   0.0404046591
630   0.0000586559   0.0000157942   0.0001583357   -0.0011773874   0.0404048901
631   0.0000583256   0.0000158158   0.0001583181   -0.0000798369   0.0404050956
632   0.0000583759   0.0000158403   0.0001583156   0.0002025125   0.0404052841
633   0.0000586318   0.0000158639   0.0001583081   0.0003405370   0.0404054135
634   0.0000587026   0.0000158862   0.0001582945   0.0001311468   0.0404055820
635   0.0000586677   0.0000159092   0.0001582842   -0.0003532737   0.0404058206
636   0.0000584978   0.0000159316   0.0001582709   -0.0002305933   0.0404060399
637   0.0000582200   0.0000159529   0.0001582522   -0.0001845920   0.0404062241
638   0.0000581847   0.0000159758   0.0001582416   0.0001708506   0.0404063334
639   0.0000581886   0.0000159994   0.0001582346   0.0001682153   0.0404066630
640   0.0000580846   0.0000160223   0.0001582242   0.0002020823   0.0404071271
641   0.0000582491   0.0000160466   0.0001582206   0.0000290973   0.0404074735
642   0.0000585002   0.0000160686   0.0001582055   -0.0003904599   0.0404076920
643   0.0000582408   0.0000160901   0.0001581881   0.0000455032   0.0404078039
644   0.0000581111   0.0000161128   0.0001581766   0.0004825754   0.0404079879
645   0.0000580706   0.0000161365   0.0001581702   0.0006699348   0.0404082158
646   0.0000579790   0.0000161600   0.0001581629   0.0012505193   0.0404084642
647   0.0000580849   0.0000161826   0.0001581508   -0.0003847577   0.0404086952
648   0.0000577576   0.0000162040   0.0001581332   0.0000037049   0.0404088802
649   0.0000576388   0.0000162263   0.0001581200   0.0002736527   0.0404091293
650   0.0000576738   0.0000162490   0.0001581090   -0.0003356023   0.0404094083
651   0.0000575750   0.0000162697   0.0001580879   0.0000714656   0.0404098364
652   0.0000575921   0.0000162928   0.0001580787   0.0005061133   0.0404100471
653   0.0000578737   0.0000163150   0.0001580654   -0.0009651733   0.0404102648
654   0.0000577360   0.0000163373   0.0001580523   -0.0013596971   0.0404104718
655   0.0000576152   0.0000163593   0.0001580379   -0.0003049994   0.0404108650
656   0.0000577110   0.0000163825   0.0001580297   -0.0001991096   0.0404109813
657   0.0000577414   0.0000164056   0.0001580207   -0.0002234821   0.0404111595
658   0.0000578936   0.0000164281   0.0001580087   -0.0005126673   0.0404112990
659   0.0000575843   0.0000164517   0.0001580018   -0.0006843021   0.0404116035
660   0.0000575716   0.0000164727   0.0001579832   -0.0005233234   0.0404117782
661   0.0000574512   0.0000164948   0.0001579693   -0.0003888124   0.0404120299
662   0.0000572837   0.0000165190   0.0001579659   -0.0001652816   0.0404122717
663   0.0000570276   0.0000165418   0.0001579552   0.0000206615   0.0404124942
664   0.0000570036   0.0000165639   0.0001579419   -0.0006733985   0.0404128182
665   0.0000569075   0.0000165885   0.0001579403   0.0008636576   0.0404130509
666   0.0000568064   0.0000166103   0.0001579252   0.0000005299   0.0404133061
667   0.0000570674   0.0000166334   0.0001579167   -0.0003009932   0.0404135477
668   0.0000569075   0.0000166571   0.0001579107   -0.0004456876   0.0404136574
669   0.0000568754   0.0000166790   0.0001578962   0.0006730845   0.0404139098
670   0.0000571270   0.0000167013   0.0001578839   -0.0002904505   0.0404140404
671   0.0000571155   0.0000167243   0.0001578748   -0.0003991303   0.0404142898
672   0.0000571675   0.0000167461   0.0001578599   -0.0001690978   0.0404144593
673   0.0000572374   0.0000167682   0.0001578467   -0.0008455438   0.0404147406
674   0.0000570401   0.0000167913   0.0001578381   -0.0009283003   0.0404148723
675   0.0000567114   0.0000168138   0.0001578270   -0.0002083642   0.0404150635
676   0.0000565418   0.0000168373   0.0001578202   -0.0004400862   0.0404151445
677   0.0000565269   0.0000168592   0.0001578062   -0.0010467340   0.0404152628
678   0.0000566330   0.0000168822   0.0001577974   -0.0000880291   0.0404154123
679   0.0000567662   0.0000169041   0.0001577834   -0.0005711652   0.0404157362
680   0.0000563425   0.0000169256   0.0001577674   -0.0007053817   0.0404159843
681   0.0000563206   0.0000169470   0.0001577514   -0.0008592359   0.0404162203
682   0.0000562117   0.0000169688   0.0001577371   -0.0016230933   0.0404163765
683   0.0000559575   0.0000169911   0.0001577248   -0.0010418136   0.0404165292
684   0.0000557516   0.0000170115   0.0001577042   -0.0007389701   0.0404167038
685   0.0000556860   0.0000170322   0.0001576851   -0.0005543943   0.0404169151
686   0.0000556884   0.0000170531   0.0001576664   -0.0010064557   0.0404172998
687   0.0000554059   0.0000170777   0.0001576654   -0.0004536495   0.0404178032
688   0.0000557582   0.0000170993   0.0001576505   -0.0000461633   0.0404182662
689   0.0000556654   0.0000171237   0.0001576484   0.0000313079   0.0404184799
690   0.0000557188   0.0000171459   0.0001576362   -0.0008724211   0.0404186189
691   0.0000558510   0.0000171669   0.0001576184   -0.0003433652   0.0404188737
692   0.0000556055   0.0000171903   0.0001576116   -0.0017843221   0.0404190769
693   0.0000553027   0.0000172131   0.0001576023   -0.0009176937   0.0404191668
694   0.0000551067   0.0000172353   0.0001575901   -0.0010600052   0.0404193735
695   0.0000552288   0.0000172596   0.0001575881   -0.0002181717   0.0404195214
696   0.0000553553   0.0000172827   0.0001575799   -0.0006879996   0.0404196054
697   0.0000555555   0.0000173038   0.0001575629   -0.0003886151   0.0404197786
698   0.0000557113   0.0000173263   0.0001575523   0.0001051236   0.0404201279
699   0.0000557355   0.0000173494   0.0001575446   -0.0001534461   0.0404203946
700   0.0000556894   0.0000173721   0.0001575350   -0.0001247819   0.0404206477
701   0.0000558667   0.0000173937   0.0001575203   -0.0004126024   0.0404208332
702   0.0000558522   0.0000174151   0.0001575048   -0.0006600951   0.0404210164
703   0.0000555973   0.0000174400   0.0001575053   -0.0013473646   0.0404212997
704   0.0000552211   0.0000174624   0.0001574948   -0.0005937873   0.0404215306
705   0.0000552077   0.0000174842   0.0001574810   -0.0006894281   0.0404219321
706   0.0000550528   0.0000175088   0.0001574804   -0.0005067422   0.0404219293
707   0.0000546586   0.0000175324   0.0001574746   0.0003091629   0.0404222304
708   0.0000547260   0.0000175551   0.0001574653   0.0009535795   0.0404225234
709   0.0000548721   0.0000175791   0.0001574618   -0.0005132101   0.0404227661
710   0.0000548781   0.0000176037   0.0001574610   -0.0004287632   0.0404231207
711   0.0000546830   0.0000176257   0.0001574486   0.0001466501   0.0404234946
712   0.0000547507   0.0000176462   0.0001574293   -0.0003793992   0.0404235986
713   0.0000546610   0.0000176686   0.0001574186   -0.0013609252   0.0404237733
714   0.0000545421   0.0000176935   0.0001574193   -0.0003767859   0.0404240410
715   0.0000543168   0.0000177161   0.0001574095   -0.0004145428   0.0404242580
716   0.0000540224   0.0000177370   0.0001573925   -0.0002009055   0.0404243676
717   0.0000536432   0.0000177599   0.0001573841   -0.0008036697   0.0404246639
718   0.0000534119   0.0000177839   0.0001573806   -0.0004353500   0.0404249207
719   0.0000532840   0.0000178067   0.0001573719   -0.0004236851   0.0404253490
720   0.0000534061   0.0000178304   0.0001573673   0.0002493363   0.0404254931
721   0.0000534494   0.0000178545   0.0001573642   -0.0005656951   0.0404258185
722   0.0000532778   0.0000178783   0.0001573603   -0.0007060979   0.0404261631
723   0.0000529979   0.0000179020   0.0001573556   -0.0000218009   0.0404264201
724   0.0000532308   0.0000179249   0.0001573473   -0.0003669143   0.0404266575
725   0.0000532662   0.0000179494   0.0001573460   0.0001068904   0.0404268915
726   0.0000532380   0.0000179719   0.0001573364   0.0001414653   0.0404271826
727   0.0000533324   0.0000179944   0.0001573264   -0.0003600673   0.0404273632
728   0.0000531805   0.0000180167   0.0001573157   -0.0012127118   0.0404276617
729   0.0000529520   0.0000180403   0.0001573107   -0.0006819243   0.0404279953
730   0.0000527657   0.0000180655   0.0001573128   0.0005750440   0.0404284424
731   0.0000527561   0.0000180882   0.0001573036   -0.0006091265   0.0404287399
732   0.0000524835   0.0000181121   0.0001573002   -0.0011837499   0.0404289856
733   0.0000521479   0.0000181331   0.0001572839   -0.0006698622   0.0404293343
734   0.0000518921   0.0000181551   0.0001572719   -0.0002101757   0.0404294714
735   0.0000522487   0.0000181787   0.0001572670   -0.0001138737   0.0404295752
736   0.0000522960   0.0000182013   0.0001572579   -0.0002389360   0.0404298188
737   0.0000525520   0.0000182238   0.0001572484   -0.0001617840   0.0404298664
738   0.0000524837   0.0000182459   0.0001572368   -0.0001921303   0.0404300792
739   0.0000523243   0.0000182689   0.0001572295   0.0001266754   0.0404302758
740   0.0000521360   0.0000182925   0.0001572247   -0.0006967551   0.0404306361
741   0.0000520255   0.0000183146   0.0001572136   0.0000729274   0.0404308358
742   0.0000519927   0.0000183362   0.0001572001   0.0002283773   0.0404311594
743   0.0000519960   0.0000183558   0.0001571782   0.0000239571   0.0404314245
744   0.0000520563   0.0000183759   0.0001571587   -0.0004328520   0.0404317446
745   0.0000520617   0.0000183996   0.0001571541   -0.0007709837   0.0404321343
746   0.0000520424   0.0000184214   0.0001571418   -0.0009414245   0.0404324003
747   0.0000518416   0.0000184471   0.0001571463   -0.0008882305   0.0404326076
748   0.0000517587   0.0000184695   0.0001571365   -0.0016705862   0.0404327495
749   0.0000514433   0.0000184928   0.0001571303   -0.0005522779   0.0404328751
750   0.0000514733   0.0000185159   0.0001571235   -0.0004234228   0.0404331003
751   0.0000514181   0.0000185387   0.0001571158   -0.0017571781   0.0404333769
752   0.0000512086   0.0000185588   0.0001570962   -0.0007531946   0.0404334970
753   0.0000512176   0.0000185807   0.0001570844   -0.0013168367   0.0404335440
754   0.0000511489   0.0000186020   0.0001570704   -0.0011784123   0.0404337857
755   0.0000509435   0.0000186233   0.0001570559   0.0001379873   0.0404338556
756   0.0000511607   0.0000186463   0.0001570490   -0.0008716593   0.0404341727
757   0.0000511641   0.0000186674   0.0001570339   -0.0003383455   0.0404341212
758   0.0000510541   0.0000186910   0.0001570299   -0.0000154529   0.0404342857
759   0.0000508379   0.0000187140   0.0001570226   -0.0008803361   0.0404345834
760   0.0000509609   0.0000187347   0.0001570060   -0.0012635690   0.0404344684
761   0.0000506640   0.0000187568   0.0001569952   -0.0002643474   0.0404346756
762   0.0000506391   0.0000187791   0.0001569858   -0.0008346614   0.0404347328
763   0.0000502421   0.0000188030   0.0001569824   -0.0006929309   0.0404348301
764   0.0000500871   0.0000188258   0.0001569749   -0.0005048052   0.0404349108
765   0.0000499661   0.0000188478   0.0001569638   -0.0009558359   0.0404350306
766   0.0000498619   0.0000188691   0.0001569501   -0.0011083708   0.0404350849
767   0.0000499227   0.0000188919   0.0001569422   0.0001386224   0.0404354929
768   0.0000498781   0.0000189146   0.0001569343   -0.0007203501   0.0404357665
769   0.0000495720   0.0000189377   0.0001569280   -0.0016386135   0.0404358083
770   0.0000495990   0.0000189583   0.0001569113   -0.0017080353   0.0404360476
771   0.0000496123   0.0000189790   0.0001568950   -0.0006095525   0.0404362647
772   0.0000498062   0.0000190029   0.0001568923   0.0004101231   0.0404364104
773   0.0000498904   0.0000190268   0.0001568892   0.0006042860   0.0404365313
774   0.0000500026   0.0000190487   0.0001568779   -0.0003402977   0.0404366372
775   0.0000498025   0.0000190716   0.0001568710   -0.0004491361   0.0404370436
776   0.0000500625   0.0000190943   0.0001568631   -0.0005067759   0.0404374329
777   0.0000499460   0.0000191179   0.0001568589   -0.0013806451   0.0404376773
778   0.0000497597   0.0000191393   0.0001568460   -0.0010616901   0.0404378698
779   0.0000494833   0.0000191612   0.0001568347   -0.0000912362   0.0404379498
780   0.0000496661   0.0000191842   0.0001568284   -0.0003361526   0.0404381669
781   0.0000496905   0.0000192075   0.0001568231   -0.0000805744   0.0404382019
782   0.0000496768   0.0000192303   0.0001568156   0.0002049167   0.0404383937
783   0.0000498320   0.0000192524   0.0001568055   0.0001697069   0.0404385269
784   0.0000497469   0.0000192725   0.0001567874   0.0007087566   0.0404387779
785   0.0000498797   0.0000192948   0.0001567780   0.0000859319   0.0404390532
786   0.0000497298   0.0000193153   0.0001567615   -0.0003490880   0.0404393438
787   0.0000497574   0.0000193361   0.0001567464   0.0000453734   0.0404397484
788   0.0000496860   0.0000193584   0.0001567370   -0.0014221471   0.0404401236
789   0.0000497329   0.0000193803   0.0001567263   0.0000373708   0.0404405166
790   0.0000495569   0.0000194023   0.0001567160   0.0005766132   0.0404408635
791   0.0000495381   0.0000194244   0.0001567058   -0.0004719945   0.0404411013
792   0.0000495818   0.0000194462   0.0001566949   -0.0002381475   0.0404412670
793   0.0000495056   0.0000194690   0.0001566876   -0.0004394785   0.0404414970
794   0.0000491802   0.0000194894   0.0001566712   -0.0007791527   0.0404417886
795   0.0000492952   0.0000195130   0.0001566675   0.0000544748   0.0404422068
796   0.0000494211   0.0000195369   0.0001566646   0.0004384958   0.0404425015
797   0.0000496256   0.0000195570   0.0001566468   0.0006238656   0.0404426936
798   0.0000496369   0.0000195794   0.0001566385   0.0002093916   0.0404429648
799   0.0000495786   0.0000196018   0.0001566299   0.0001789561   0.0404430794
800   0.0000497785   0.0000196231   0.0001566170   0.0001533238   0.0404432125
801   0.0000497143   0.0000196451   0.0001566067   -0.0003873412   0.0404433908
802   0.0000495019   0.0000196664   0.0001565940   0.0000721298   0.0404433899
803   0.0000494995   0.0000196879   0.0001565819   -0.0006016522   0.0404434701
804   0.0000495722   0.0000197089   0.0001565682   0.0008501634   0.0404435384
805   0.0000492988   0.0000197306   0.0001565570   0.0003404045   0.0404438031
806   0.0000494625   0.0000197542   0.0001565533   0.0000053442   0.0404438510
807   0.0000495195   0.0000197778   0.0001565498   0.0008390853   0.0404440311
808   0.0000494629   0.0000197990   0.0001565367   -0.0001630170   0.0404440208
809   0.0000494152   0.0000198234   0.0001565361   0.0005660541   0.0404441520
810   0.0000494948   0.0000198446   0.0001565231   0.0001667793   0.0404444828
811   0.0000492130   0.0000198661   0.0001565113   -0.0005399242   0.0404446570
812   0.0000491333   0.0000198893   0.0001565063   -0.0006992723   0.0404449414
813   0.0000489503   0.0000199103   0.0001564924   -0.0002090452   0.0404450738
814   0.0000486529   0.0000199314   0.0001564791   -0.0000668344   0.0404453417
815   0.0000487810   0.0000199552   0.0001564764   0.0003625325   0.0404454070
816   0.0000486728   0.0000199773   0.0001564671   0.0007299208   0.0404457436
817   0.0000487531   0.0000200002   0.0001564609   0.0001598973   0.0404459531
818   0.0000487956   0.0000200204   0.0001564445   0.0011883370   0.0404461344
819   0.0000484963   0.0000200408   0.0001564284   -0.0002668829   0.0404463683
820   0.0000481349   0.0000200633   0.0001564207   0.0000898577   0.0404466090
821   0.0000480596   0.0000200858   0.0001564132   0.0008777720   0.0404469683
822   0.0000482410   0.0000201102   0.0001564128   -0.0004932080   0.0404473054
823   0.0000481387   0.0000201322   0.0001564031   -0.0002771109   0.0404474270
824   0.0000479792   0.0000201551   0.0001563971   0.0001877834   0.0404476360
825   0.0000477760   0.0000201757   0.0001563821   -0.0003466969   0.0404480094
826   0.0000476154   0.0000201973   0.0001563712   -0.0004028987   0.0404482021
827   0.0000474830   0.0000202207   0.0001563672   -0.0001348435   0.0404482798
828   0.0000474076   0.0000202437   0.0001563616   0.0004500433   0.0404484861
829   0.0000473172   0.0000202662   0.0001563541   0.0001605494   0.0404486499
830   0.0000472863   0.0000202894   0.0001563492   -0.0000326471   0.0404488329
831   0.0000474236   0.0000203077   0.0001563255   0.0002986589   0.0404490374
832   0.0000475646   0.0000203299   0.0001563168   -0.0008944333   0.0404492667
833   0.0000474364   0.0000203524   0.0001563096   -0.0004737454   0.0404496727
834   0.0000471379   0.0000203756   0.0001563046   -0.0010026933   0.0404499753
835   0.0000470510   0.0000203966   0.0001562917   -0.0005139585   0.0404499279
836   0.0000469683   0.0000204176   0.0001562786   -0.0007078054   0.0404502435
837   0.0000469912   0.0000204384   0.0001562646   -0.0006248588   0.0404505890
838   0.0000470362   0.0000204629   0.0001562650   -0.0002393577   0.0404510420
839   0.0000470353   0.0000204847   0.0001562549   0.0005328352   0.0404514694
840   0.0000471759   0.0000205082   0.0001562514   0.0004321875   0.0404518261
841   0.0000470623   0.0000205292   0.0001562385   0.0006089612   0.0404521684
842   0.0000470876   0.0000205538   0.0001562391   0.0007482600   0.0404524161
843   0.0000470327   0.0000205765   0.0001562329   0.0001151658   0.0404526982
844   0.0000469514   0.0000205985   0.0001562237   0.0006513998   0.0404530229
845   0.0000468080   0.0000206221   0.0001562203   -0.0003133978   0.0404533072
846   0.0000464897   0.0000206427   0.0001562063   0.0003868161   0.0404535178
847   0.0000467266   0.0000206648   0.0001561975   0.0002400345   0.0404538207
848   0.0000468874   0.0000206859   0.0001561851   0.0015356794   0.0404541185
849   0.0000470186   0.0000207082   0.0001561772   0.0011135201   0.0404544266
850   0.0000470010   0.0000207304   0.0001561687   0.0011082310   0.0404546212
851   0.0000469259   0.0000207525   0.0001561602   0.0006549045   0.0404548531
852   0.0000472545   0.0000207718   0.0001561410   0.0018753310   0.0404550210
853   0.0000477158   0.0000207956   0.0001561388   0.0010746677   0.0404552357
854   0.0000478509   0.0000208161   0.0001561245   0.0013314908   0.0404554245
855   0.0000482596   0.0000208380   0.0001561152   0.0011037374   0.0404555771
856   0.0000487232   0.0000208586   0.0001561010   0.0001897747   0.0404557434
857   0.0000486434   0.0000208807   0.0001560924   0.0005505920   0.0404559245
858   0.0000486252   0.0000209053   0.0001560933   0.0002686089   0.0404561044
859   0.0000486436   0.0000209278   0.0001560866   0.0006487723   0.0404564140
860   0.0000486660   0.0000209502   0.0001560792   0.0005984110   0.0404566959
861   0.0000486161   0.0000209736   0.0001560756   0.0004429351   0.0404568988
862   0.0000488768   0.0000209955   0.0001560663   -0.0007084204   0.0404571859
863   0.0000487612   0.0000210181   0.0001560599   0.0010259667   0.0404574374
864   0.0000485495   0.0000210407   0.0001560535   -0.0001582234   0.0404577911
865   0.0000482456   0.0000210628   0.0001560451   -0.0002805285   0.0404581090
866   0.0000482990   0.0000210832   0.0001560304   0.0009381895   0.0404583074
867   0.0000482541   0.0000211044   0.0001560188   0.0005305430   0.0404585790
868   0.0000483944   0.0000211230   0.0001559977   0.0004989252   0.0404587590
869   0.0000483612   0.0000211450   0.0001559889   0.0004479888   0.0404588478
870   0.0000483891   0.0000211663   0.0001559778   -0.0002393015   0.0404590778
871   0.0000482399   0.0000211899   0.0001559750   -0.0008660452   0.0404593420
872   0.0000479668   0.0000212110   0.0001559632   0.0001062504   0.0404593933
873   0.0000479824   0.0000212307   0.0001559462   0.0008334214   0.0404597181
874   0.0000479928   0.0000212538   0.0001559417   0.0007422363   0.0404599182
875   0.0000479223   0.0000212760   0.0001559340   0.0001089546   0.0404602230
876   0.0000479826   0.0000212970   0.0001559219   0.0007895672   0.0404604664
877   0.0000479622   0.0000213186   0.0001559121   0.0002093465   0.0404606804
878   0.0000481013   0.0000213394   0.0001558994   0.0007520855   0.0404607369
879   0.0000477813   0.0000213597   0.0001558845   0.0003800926   0.0404608140
880   0.0000478439   0.0000213827   0.0001558798   0.0004826641   0.0404610704
881   0.0000478205   0.0000214050   0.0001558726   0.0001267141   0.0404611533
882   0.0000475724   0.0000214270   0.0001558641   0.0007447632   0.0404613934
883   0.0000476754   0.0000214467   0.0001558475   0.0010492915   0.0404617258
884   0.0000476815   0.0000214703   0.0001558450   0.0006036257   0.0404621281
885   0.0000476021   0.0000214938   0.0001558420   -0.0006127945   0.0404623671
886   0.0000472819   0.0000215168   0.0001558376   -0.0003598610   0.0404626577
887   0.0000469109   0.0000215390   0.0001558301   -0.0009126048   0.0404626836
888   0.0000466347   0.0000215615   0.0001558236   -0.0009395295   0.0404628244
889   0.0000462116   0.0000215844   0.0001558186   -0.0015713599   0.0404630972
890   0.0000461567   0.0000216081   0.0001558164   -0.0006226767   0.0404633166
891   0.0000458840   0.0000216307   0.0001558103   -0.0016242340   0.0404635004
892   0.0000455929   0.0000216505   0.0001557945   -0.0003385140   0.0404638556
893   0.0000455638   0.0000216707   0.0001557796   -0.0004347230   0.0404639822
894   0.0000452981   0.0000216931   0.0001557729   -0.0000994171   0.0404641384
895   0.0000454498   0.0000217151   0.0001557647   -0.0000182724   0.0404642648
896   0.0000456945   0.0000217358   0.0001557522   0.0008782090   0.0404644887
897   0.0000460855   0.0000217569   0.0001557406   0.0004805181   0.0404648717
898   0.0000462939   0.0000217779   0.0001557291   0.0003252038   0.0404650522
899   0.0000462122   0.0000218003   0.0001557224   -0.0001290155   0.0404651438
900   0.0000459611   0.0000218212   0.0001557105   -0.0001327878   0.0404654400
901   0.0000458411   0.0000218418   0.0001556975   -0.0005102208   0.0404657096
902   0.0000458094   0.0000218619   0.0001556827   -0.0000526922   0.0404662025
903   0.0000457681   0.0000218831   0.0001556719   -0.0006764419   0.0404664062
904   0.0000455624   0.0000219038   0.0001556593   -0.0001613233   0.0404666222
905   0.0000451949   0.0000219243   0.0001556462   -0.0007598768   0.0404667784
906   0.0000448731   0.0000219457   0.0001556361   -0.0001210072   0.0404668728
907   0.0000448876   0.0000219657   0.0001556211   -0.0003280868   0.0404670934
908   0.0000449094   0.0000219866   0.0001556097   -0.0005292716   0.0404673457
909   0.0000450153   0.0000220080   0.0001555997   -0.0005696473   0.0404676380
910   0.0000446603   0.0000220305   0.0001555937   -0.0006891028   0.0404679766
911   0.0000446384   0.0000220531   0.0001555880   0.0001285757   0.0404681985
912   0.0000448234   0.0000220738   0.0001555756   0.0003647689   0.0404683676
913   0.0000450754   0.0000220963   0.0001555694   0.0001619493   0.0404685447
914   0.0000454567   0.0000221192   0.0001555648   -0.0003454419   0.0404688163
915   0.0000455812   0.0000221414   0.0001555579   0.0005913788   0.0404690888
916   0.0000454105   0.0000221652   0.0001555566   0.0001183901   0.0404694489
917   0.0000453310   0.0000221853   0.0001555422   -0.0001485343   0.0404697181
918   0.0000453673   0.0000222070   0.0001555333   0.0000715808   0.0404698820
919   0.0000454649   0.0000222307   0.0001555317   0.0001097990   0.0404700257
920   0.0000456882   0.0000222531   0.0001555255   -0.0008784395   0.0404701535
921   0.0000457433   0.0000222753   0.0001555184   -0.0001178849   0.0404700809
922   0.0000458357   0.0000222982   0.0001555139   -0.0005388555   0.0404702469
923   0.0000458979   0.0000223232   0.0001555168   -0.0005663398   0.0404704066
924   0.0000460253   0.0000223463   0.0001555132   0.0002018912   0.0404706380
925   0.0000460339   0.0000223709   0.0001555145   -0.0000204595   0.0404709669
926   0.0000460680   0.0000223925   0.0001555056   0.0001556092   0.0404713666
927   0.0000460491   0.0000224127   0.0001554918   0.0004205473   0.0404715945
928   0.0000463837   0.0000224341   0.0001554822   0.0004754991   0.0404719450
929   0.0000462907   0.0000224558   0.0001554735   0.0006629382   0.0404719732
930   0.0000464537   0.0000224769   0.0001554630   0.0006435928   0.0404720309
931   0.0000467005   0.0000224981   0.0001554526   0.0005784637   0.0404723959
932   0.0000467935   0.0000225176   0.0001554364   0.0006986170   0.0404727542
933   0.0000469012   0.0000225405   0.0001554322   0.0006997380   0.0404728753
934   0.0000469403   0.0000225619   0.0001554228   0.0006733858   0.0404730454
935   0.0000472170   0.0000225863   0.0001554234   0.0009912848   0.0404733924
936   0.0000476316   0.0000226081   0.0001554155   -0.0012133222   0.0404737021
937   0.0000475565   0.0000226325   0.0001554161   0.0001950488   0.0404738769
938   0.0000478707   0.0000226554   0.0001554121   -0.0004273007   0.0404739535
939   0.0000479840   0.0000226784   0.0001554080   0.0003658957   0.0404740801
940   0.0000481189   0.0000227005   0.0001554009   0.0003939405   0.0404741837
941   0.0000482374   0.0000227237   0.0001553977   0.0010897362   0.0404742831
942   0.0000483532   0.0000227479   0.0001553980   0.0007885135   0.0404745364
943   0.0000484191   0.0000227700   0.0001553910   0.0013022307   0.0404748237
944   0.0000486832   0.0000227929   0.0001553867   0.0016731756   0.0404750331
945   0.0000488618   0.0000228169   0.0001553862   0.0009358319   0.0404751126
946   0.0000488232   0.0000228396   0.0001553813   -0.0001633507   0.0404753936
947   0.0000489802   0.0000228592   0.0001553658   0.0002873636   0.0404754708
948   0.0000489855   0.0000228823   0.0001553623   0.0003499248   0.0404755419
949   0.0000491234   0.0000229040   0.0001553542   0.0012035122   0.0404758510
950   0.0000492166   0.0000229249   0.0001553431   0.0013146720   0.0404758703
951   0.0000494290   0.0000229480   0.0001553397   -0.0002696367   0.0404759897
952   0.0000494651   0.0000229702   0.0001553329   -0.0000474590   0.0404762452
953   0.0000496222   0.0000229914   0.0001553231   0.0002594225   0.0404765554
954   0.0000501184   0.0000230143   0.0001553192   0.0002513479   0.0404767142
955   0.0000503108   0.0000230375   0.0001553161   0.0000782137   0.0404769254
956   0.0000503603   0.0000230613   0.0001553148   -0.0000194197   0.0404771861
957   0.0000504081   0.0000230802   0.0001552973   0.0004623238   0.0404772293
958   0.0000508518   0.0000231025   0.0001552911   -0.0004936433   0.0404773126
959   0.0000510284   0.0000231280   0.0001552958   -0.0000658232   0.0404774342
960   0.0000511600   0.0000231529   0.0001552984   -0.0002330923   0.0404776396
961   0.0000513982   0.0000231781   0.0001553020   -0.0001537851   0.0404777589
962   0.0000513062   0.0000232018   0.0001553006   0.0012098495   0.0404780147
963   0.0000513852   0.0000232269   0.0001553039   -0.0004506199   0.0404782831
964   0.0000510545   0.0000232531   0.0001553108   0.0000680011   0.0404784202
965   0.0000508395   0.0000232779   0.0001553133   -0.0003950760   0.0404784953
966   0.0000506296   0.0000233030   0.0001553165   -0.0012635627   0.0404787073
967   0.0000505888   0.0000233279   0.0001553190   0.0000145742   0.0404788313
968   0.0000501359   0.0000233510   0.0001553156   0.0002860997   0.0404789201
969   0.0000504427   0.0000233711   0.0001553022   -0.0004129787   0.0404790066
970   0.0000502139   0.0000233938   0.0001552977   0.0002548208   0.0404794626
971   0.0000504403   0.0000234161   0.0001552914   0.0003379812   0.0404796310
972   0.0000504652   0.0000234405   0.0001552926   -0.0003347618   0.0404798811
973   0.0000503719   0.0000234641   0.0001552908   -0.0001387715   0.0404801603
974   0.0000504056   0.0000234861   0.0001552837   0.0005070611   0.0404802986
975   0.0000502905   0.0000235070   0.0001552733   0.0003488613   0.0404805213
976   0.0000504051   0.0000235337   0.0001552815   0.0004217896   0.0404806673
977   0.0000505206   0.0000235586   0.0001552844   -0.0009019607   0.0404807180
978   0.0000499797   0.0000235827   0.0001552843   0.0003089537   0.0404809524
979   0.0000501204   0.0000236065   0.0001552830   0.0002317284   0.0404810607
980   0.0000502984   0.0000236277   0.0001552736   0.0003781327   0.0404812117
981   0.0000502435   0.0000236496   0.0001552665   0.0003803132   0.0404814851
982   0.0000503886   0.0000236721   0.0001552612   0.0007012460   0.0404817041
983   0.0000510261   0.0000236973   0.0001552645   -0.0000810423   0.0404816777
984   0.0000510886   0.0000237203   0.0001552609   -0.0002301748   0.0404818273
985   0.0000512682   0.0000237424   0.0001552545   0.0000389052   0.0404819866
986   0.0000513420   0.0000237677   0.0001552584   0.0008483983   0.0404821388
987   0.0000513692   0.0000237907   0.0001552547   0.0008743895   0.0404824220
988   0.0000512772   0.0000238130   0.0001552490   0.0009252399   0.0404826866
989   0.0000514159   0.0000238356   0.0001552441   -0.0004658918   0.0404829060
990   0.0000517934   0.0000238598   0.0001552444   0.0005599667   0.0404831497
991   0.0000521838   0.0000238837   0.0001552436   -0.0007145930   0.0404835125
992   0.0000522631   0.0000239100   0.0001552507   0.0006184138   0.0404837358
993   0.0000525361   0.0000239341   0.0001552510   0.0000989296   0.0404839764
994   0.0000527396   0.0000239588   0.0001552526   -0.0004027685   0.0404842953
995   0.0000527309   0.0000239807   0.0001552456   0.0001292175   0.0404844306
996   0.0000527318   0.0000240044   0.0001552445   0.0003341474   0.0404847192
997   0.0000528472   0.0000240268   0.0001552389   -0.0004428511   0.0404848760
998   0.0000525046   0.0000240474   0.0001552275   -0.0001735813   0.0404850325
999   0.0000522491   0.0000240662   0.0001552105   -0.0007435785   0.0404853323
1000   0.0000519842   0.0000240914   0.0001552141   0.0003780299   0.0404854358
