0   0.0000000000   0.1152940861   1789476
1   0.0000394530   0.0425584947   1789349
2   0.0000446288   0.0190373033   1789224
3   0.0000453064   0.0162668472   1789099
4   0.0000472287   0.0155905615   1788967
5   0.0000495873   0.0159449075   1788847
6   0.0000518851   0.0141932151   1788742
7   0.0000538875   0.0132777675   1788629
8   0.0000558535   0.0129224524   1788515
9   0.0000576993   0.0109411075   1788393
10   0.0000589231   0.0099442923   1788262
11   0.0000598519   0.0106725006   1788147
12   0.0000607149   0.0091592884   1788021
13   0.0000614996   0.0087666164   1787919
14   0.0000621290   0.0078313691   1787810
15   0.0000626554   0.0072238233   1787696
16   0.0000632532   0.0059488313   1787578
17   0.0000632114   0.0060320231   1787460
18   0.0000636417   0.0056961615   1787344
19   0.0000637485   0.0052975804   1787231
20   0.0000641200   0.0045452892   1787125
21   0.0000644203   0.0041874674   1786999
22   0.0000645389   0.0046343477   1786875
23   0.0000651073   0.0044947304   1786759
24   0.0000652956   0.0044160786   1786653
25   0.0000653907   0.0034715206   1786537
26   0.0000652894   0.0041849225   1786413
27   0.0000652671   0.0040804993   1786301
28   0.0000658083   0.0035981756   1786183
29   0.0000656378   0.0036197094   1786055
30   0.0000658864   0.0035930880   1785929
31   0.0000663700   0.0020982158   1785803
32   0.0000660476   0.0028655574   1785691
33   0.0000662295   0.0017602183   1785574
34   0.0000660581   0.0021982995   1785471
35   0.0000661667   0.0010877303   1785369
36   0.0000662468   0.0016305794   1785255
37   0.0000663120   0.0014564708   1785137
38   0.0000664654   0.0016912947   1785023
39   0.0000664514   0.0021199830   1784920
40   0.0000666950   0.0019811555   1784817
41   0.0000665787   0.0023751891   1784700
42   0.0000669261   0.0015336968   1784577
43   0.0000671229   0.0013488682   1784459
44   0.0000672755   0.0000325048   1784354
45   0.0000671543   0.0013540855   1784230
46   0.0000668524   0.0012639369   1784108
47   0.0000667167   0.0021435146   1783986
48   0.0000666868   0.0015909169   1783877
49   0.0000668022   0.0012148502   1783759
50   0.0000667404   0.0017548404   1783638
51   0.0000668179   0.0016461874   1783515
52   0.0000667586   0.0013059237   1783412
53   0.0000665050   -0.0000117761   1783279
54   0.0000665983   0.0009561693   1783157
55   0.0000665848   0.0013953791   1783028
56   0.0000669724   0.0016523669   1782897
57   0.0000670639   0.0009131836   1782774
58   0.0000669278   -0.0002608483   1782645
59   0.0000669173   0.0004100943   1782517
60   0.0000668640   -0.0003427958   1782402
61   0.0000667280   -0.0010177946   1782285
62   0.0000663477   -0.0003512576   1782168
63   0.0000661538   -0.0005796675   1782056
64   0.0000657004   -0.0004461407   1781949
65   0.0000651923   -0.0005079031   1781836
66   0.0000650315   -0.0005152322   1781721
67   0.0000648964   0.0003990752   1781619
68   0.0000647038   -0.0008341304   1781496
69   0.0000645181   -0.0003794815   1781378
70   0.0000643344   -0.0000600697   1781265
71   0.0000642356   -0.0000965669   1781148
72   0.0000642627   0.0004845489   1781038
73   0.0000641741   0.0001510445   1780932
74   0.0000639063   0.0006401563   1780815
75   0.0000642133   0.0004896926   1780709
76   0.0000642670   0.0006306905   1780588
77   0.0000645200   -0.0004521286   1780467
78   0.0000644620   -0.0008105125   1780355
79   0.0000644747   -0.0005538579   1780240
80   0.0000644379   0.0001263964   1780114
81   0.0000645536   -0.0007269659   1780001
82   0.0000646009   0.0000612397   1779890
83   0.0000645832   -0.0007927924   1779785
84   0.0000643754   0.0001000185   1779671
85   0.0000646501   -0.0007372539   1779577
86   0.0000644937   -0.0001972512   1779457
87   0.0000645881   -0.0017236699   1779343
88   0.0000644582   -0.0004305238   1779228
89   0.0000642977   -0.0004732714   1779106
90   0.0000642833   -0.0006419405   1778981
91   0.0000640530   -0.0010399866   1778869
92   0.0000638959   -0.0004936020   1778761
93   0.0000639456   -0.0006651134   1778644
94   0.0000636834   -0.0005088449   1778538
95   0.0000633974   -0.0001670013   1778429
96   0.0000635248   -0.0006927883   1778321
97   0.0000630453   -0.0009661423   1778206
98   0.0000626623   0.0001709684   1778106
99   0.0000626248   0.0004994379   1777999
100   0.0000625246   -0.0004375991   1777883
101   0.0000625138   -0.0005214442   1777755
102   0.0000626819   0.0000753808   1777642
103   0.0000630264   -0.0004269982   1777525
104   0.0000629404   -0.0019010786   1777412
105   0.0000627704   -0.0011686226   1777306
106   0.0000627413   -0.0006622830   1777186
107   0.0000624843   -0.0010089579   1777081
108   0.0000624457   -0.0014046422   1776965
109   0.0000623829   -0.0011317852   1776839
110   0.0000622430   -0.0008408763   1776718
111   0.0000623111   -0.0004311599   1776603
112   0.0000622926   -0.0011663442   1776491
113   0.0000620267   -0.0006912998   1776364
114   0.0000621997   -0.0014085942   1776239
115   0.0000622459   -0.0013185979   1776129
116   0.0000620690   -0.0006058535   1776007
117   0.0000620359   -0.0006835951   1775905
118   0.0000621050   -0.0003609675   1775783
119   0.0000620404   -0.0010503184   1775652
120   0.0000621627   0.0002883643   1775532
121   0.0000622887   0.0004252546   1775407
122   0.0000625399   0.0002838960   1775298
123   0.0000628007   0.0002163149   1775190
124   0.0000627797   -0.0004918121   1775068
125   0.0000629004   -0.0001250736   1774955
126   0.0000627582   0.0004580705   1774836
127   0.0000630715   -0.0007460298   1774728
128   0.0000629947   -0.0001870850   1774594
129   0.0000630126   -0.0007867067   1774486
130   0.0000629008   -0.0005162390   1774372
131   0.0000629546   -0.0004131307   1774257
132   0.0000630948   -0.0000456558   1774145
133   0.0000629272   -0.0007497046   1774032
134   0.0000629845   -0.0008269900   1773903
135   0.0000630949   -0.0008056164   1773797
136   0.0000630581   -0.0004752849   1773673
137   0.0000628532   -0.0008925531   1773564
138   0.0000626246   -0.0006766461   1773453
139   0.0000627014   -0.0003214275   1773339
140   0.0000630237   -0.0011408566   1773229
141   0.0000628063   -0.0007658803   1773123
142   0.0000627679   -0.0011601707   1773015
143   0.0000625163   -0.0011168161   1772897
144   0.0000624419   -0.0006520802   1772788
145   0.0000624537   -0.0008896145   1772678
146   0.0000621407   -0.0009302892   1772567
147   0.0000623329   -0.0009907068   1772472
148   0.0000622593   -0.0007554920   1772355
149   0.0000622788   -0.0002020045   1772238
150   0.0000624425   -0.0013949355   1772125
151   0.0000623838   0.0000259591   1772017
152   0.0000625931   -0.0003273302   1771911
153   0.0000625688   -0.0008336146   1771802
154   0.0000624681   -0.0008985715   1771701
155   0.0000622108   -0.0008269436   1771584
156   0.0000621108   -0.0004341003   1771480
157   0.0000619888   -0.0010517372   1771355
158   0.0000618038   -0.0013538538   1771240
159   0.0000619622   -0.0005171863   1771122
160   0.0000620606   -0.0004415550   1771014
161   0.0000618342   -0.0020475476   1770899
162   0.0000615366   0.0001411806   1770781
163   0.0000617157   0.0000412275   1770664
164   0.0000619232   -0.0002276107   1770567
165   0.0000619288   0.0000869834   1770452
166   0.0000624185   0.0007162502   1770331
167   0.0000623408   0.0002479930   1770211
168   0.0000620477   -0.0010728141   1770111
169   0.0000620651   0.0003920908   1769998
170   0.0000625504   -0.0009791552   1769893
171   0.0000624677   -0.0008724228   1769784
172   0.0000620963   -0.0018172818   1769676
173   0.0000618305   -0.0012195025   1769574
174   0.0000614623   -0.0002311442   1769458
175   0.0000613962   -0.0007466002   1769354
176   0.0000614773   -0.0009891264   1769238
177   0.0000614605   0.0002119686   1769130
178   0.0000617811   -0.0000627465   1769024
179   0.0000619382   -0.0002589167   1768909
180   0.0000620711   -0.0005845824   1768784
181   0.0000618638   0.0004297053   1768654
182   0.0000619994   -0.0008102669   1768553
183   0.0000616068   -0.0012655179   1768446
184   0.0000615781   -0.0005660747   1768318
185   0.0000617070   -0.0002471438   1768201
186   0.0000616259   -0.0004270183   1768074
187   0.0000615289   -0.0009864415   1767971
188   0.0000616043   -0.0010481576   1767864
189   0.0000614400   -0.0005707775   1767764
190   0.0000616215   -0.0008791378   1767641
191   0.0000614274   -0.0007224730   1767540
192   0.0000617736   -0.0003134509   1767422
193   0.0000618191   -0.0005381081   1767303
194   0.0000619287   0.0000724317   1767181
195   0.0000620062   -0.0002467364   1767068
196   0.0000622161   -0.0000288632   1766957
197   0.0000622111   -0.0002377120   1766844
198   0.0000621921   -0.0002416889   1766734
199   0.0000619363   -0.0008700171   1766632
200   0.0000619023   0.0008327102   1766521
201   0.0000620041   0.0011254459   1766411
202   0.0000623084   0.0002977987   1766294
203   0.0000622257   0.0005010800   1766185
204   0.0000623717   0.0001262688   1766074
205   0.0000623981   -0.0000634219   1765952
206   0.0000623924   0.0002735236   1765844
207   0.0000626667   0.0005323550   1765739
208   0.0000628361   -0.0014034643   1765631
209   0.0000625335   -0.0005018357   1765518
210   0.0000627745   0.0005126300   1765406
211   0.0000626348   -0.0005285260   1765287
212   0.0000623660   -0.0004095897   1765181
213   0.0000624285   0.0002356843   1765073
214   0.0000625930   -0.0010419523   1764956
215   0.0000626740   -0.0006448202   1764833
216   0.0000625871   0.0000827330   1764714
217   0.0000628096   -0.0001354421   1764592
218   0.0000626624   -0.0002629689   1764467
219   0.0000628590   -0.0004148881   1764331
220   0.0000628073   0.0003344269   1764212
221   0.0000627103   0.0010441620   1764094
222   0.0000629932   0.0003701864   1763976
223   0.0000631538   0.0002091996   1763866
224   0.0000629685   -0.0004819291   1763745
225   0.0000629276   -0.0006378889   1763630
226   0.0000629373   0.0000703143   1763510
227   0.0000630416   -0.0008438230   1763403
228   0.0000630159   -0.0005041686   1763299
229   0.0000629354   0.0003300865   1763174
230   0.0000632157   -0.0011655891   1763057
231   0.0000630634   -0.0014895496   1762949
232   0.0000629780   -0.0004118380   1762829
233   0.0000632133   -0.0007664296   1762719
234   0.0000631401   -0.0006410947   1762610
235   0.0000630206   -0.0001804276   1762480
236   0.0000628286   -0.0002354792   1762364
237   0.0000628127   0.0008744542   1762242
238   0.0000630662   0.0005232349   1762115
239   0.0000631485   -0.0002440409   1762000
240   0.0000632671   -0.0005363577   1761884
241   0.0000633704   0.0003133204   1761775
242   0.0000633674   0.0005233703   1761659
243   0.0000632256   0.0005966353   1761545
244   0.0000632232   -0.0010088348   1761438
245   0.0000629525   -0.0006784638   1761332
246   0.0000628141   -0.0008403209   1761232
247   0.0000628773   -0.0009488216   1761132
248   0.0000626215   -0.0000874497   1761013
249   0.0000627085   -0.0002561205   1760890
250   0.0000624314   -0.0003095231   1760773
251   0.0000624437   -0.0000715637   1760669
252   0.0000624473   0.0000806564   1760555
253   0.0000622804   -0.0010525861   1760426
254   0.0000621789   0.0004050432   1760306
255   0.0000622046   -0.0004635834   1760201
256   0.0000620774   -0.0006039495   1760081
257   0.0000621489   -0.0012784243   1759979
258   0.0000619891   -0.0010222375   1759865
259   0.0000620751   -0.0000647820   1759747
260   0.0000619007   -0.0017145767   1759618
261   0.0000616699   -0.0006893980   1759506
262   0.0000618630   -0.0011481239   1759392
263   0.0000616666   0.0005047545   1759271
264   0.0000616840   0.0009567082   1759157
265   0.0000617067   0.0003763414   1759041
266   0.0000615466   0.0007112274   1758931
267   0.0000618466   -0.0005856266   1758800
268   0.0000618573   0.0000835851   1758686
269   0.0000617911   0.0003832649   1758575
270   0.0000617766   -0.0010082732   1758452
271   0.0000616107   -0.0000727961   1758337
272   0.0000616822   0.0009276401   1758225
273   0.0000617488   -0.0010755911   1758103
274   0.0000616390   -0.0013123054   1757975
275   0.0000616695   0.0002309623   1757863
276   0.0000621480   -0.0002252887   1757745
277   0.0000622644   -0.0004545853   1757646
278   0.0000623549   -0.0005723890   1757546
279   0.0000624069   0.0002697114   1757434
280   0.0000624060   0.0006578206   1757318
281   0.0000623125   -0.0001974728   1757204
282   0.0000620829   0.0002561063   1757083
283   0.0000621429   -0.0002441699   1756973
284   0.0000619676   0.0003916091   1756854
285   0.0000618951   -0.0000455386   1756752
286   0.0000621769   -0.0007986857   1756636
287   0.0000622848   -0.0005954926   1756529
288   0.0000622260   -0.0001093135   1756416
289   0.0000622411   -0.0008608963   1756309
290   0.0000622092   0.0004042845   1756189
291   0.0000626201   0.0003724215   1756075
292   0.0000627420   0.0003701689   1755955
293   0.0000627419   -0.0002631228   1755834
294   0.0000628098   -0.0005576060   1755720
295   0.0000629161   0.0001048069   1755609
296   0.0000630429   -0.0002631739   1755493
297   0.0000628567   -0.0006015774   1755385
298   0.0000630193   -0.0000045577   1755274
299   0.0000630651   -0.0006010879   1755151
300   0.0000632586   0.0002569736   1755044
301   0.0000635930   -0.0003065674   1754916
302   0.0000633800   -0.0007368340   1754805
303   0.0000633464   -0.0001327865   1754697
304   0.0000632086   -0.0006485875   1754582
305   0.0000628876   -0.0000849261   1754467
306   0.0000630224   -0.0003499876   1754348
307   0.0000627261   0.0000068406   1754230
308   0.0000629656   0.0000256539   1754116
309   0.0000631276   -0.0008072902   1754016
310   0.0000632534   -0.0004663860   1753912
311   0.0000634315   -0.0008341929   1753791
312   0.0000631950   -0.0015054144   1753670
313   0.0000631538   -0.0002417940   1753559
314   0.0000632152   0.0010333949   1753444
315   0.0000634866   -0.0006593176   1753328
316   0.0000632606   -0.0000188227   1753203
317   0.0000633901   0.0004004337   1753099
318   0.0000637478   0.0007478685   1752982
319   0.0000641762   -0.0006298196   1752883
320   0.0000637985   -0.0004415888   1752762
321   0.0000635512   -0.0011000560   1752638
322   0.0000636656   -0.0000776024   1752522
323   0.0000635923   -0.0004171405   1752407
324   0.0000635209   -0.0003612401   1752297
325   0.0000634441   0.0005587306   1752186
326   0.0000637007   0.0004069486   1752064
327   0.0000637626   -0.0007574408   1751952
328   0.0000636093   -0.0001038912   1751832
329   0.0000635453   -0.0006873300   1751706
330   0.0000636868   -0.0002797441   1751601
331   0.0000637498   -0.0007679211   1751482
332   0.0000641359   0.0007228606   1751375
333   0.0000644804   -0.0003688764   1751264
334   0.0000647174   -0.0003392062   1751147
335   0.0000648398   -0.0012575362   1751043
336   0.0000647307   -0.0005065914   1750918
337   0.0000646064   0.0004409385   1750811
338   0.0000647138   0.0005255017   1750708
339   0.0000651105   0.0001022505   1750602
340   0.0000651672   0.0000919738   1750499
341   0.0000651231   -0.0001022632   1750386
342   0.0000652530   -0.0000582767   1750272
343   0.0000654357   -0.0000091420   1750156
344   0.0000659592   -0.0013479592   1750053
345   0.0000657990   -0.0000045716   1749939
346   0.0000657240   -0.0007955077   1749826
347   0.0000657729   -0.0009150030   1749721
348   0.0000659350   -0.0008550501   1749605
349   0.0000657346   -0.0015616051   1749482
350   0.0000657811   -0.0007316937   1749366
351   0.0000657606   -0.0010867564   1749242
352   0.0000655590   0.0000383048   1749129
353   0.0000656531   0.0001234989   1749004
354   0.0000655468   0.0005054687   1748872
355   0.0000654075   -0.0000852038   1748748
356   0.0000653861   0.0000989351   1748621
357   0.0000653929   -0.0000909346   1748510
358   0.0000655706   0.0000720670   1748374
359   0.0000654118   -0.0022279435   1748249
360   0.0000651489   -0.0007173408   1748123
361   0.0000652090   -0.0009874164   1747996
362   0.0000649852   -0.0007449045   1747875
363   0.0000646591   -0.0013439999   1747768
364   0.0000643100   -0.0001796694   1747654
365   0.0000645308   0.0000761069   1747543
366   0.0000648198   -0.0003090242   1747436
367   0.0000646708   0.0015704077   1747317
368   0.0000651176   0.0009231888   1747205
369   0.0000651365   -0.0004058202   1747079
370   0.0000652139   -0.0009719714   1746965
371   0.0000651203   -0.0014551816   1746861
372   0.0000648293   -0.0005971079   1746753
373   0.0000648481   0.0005627994   1746626
374   0.0000650561   -0.0000068709   1746506
375   0.0000653418   -0.0010129461   1746391
376   0.0000652821   -0.0009414314   1746277
377   0.0000651159   -0.0000595589   1746170
378   0.0000653863   0.0006099433   1746064
379   0.0000654315   0.0000257739   1745955
380   0.0000655221   0.0003316453   1745841
381   0.0000656116   -0.0000418164   1745726
382   0.0000657421   -0.0013605442   1745625
383   0.0000653142   -0.0003168121   1745514
384   0.0000653062   -0.0002371946   1745402
385   0.0000653060   -0.0004721300   1745282
386   0.0000650847   -0.0000578743   1745163
387   0.0000649280   -0.0015821942   1745045
388   0.0000646258   -0.0012865912   1744921
389   0.0000646389   -0.0002905767   1744806
390   0.0000646080   0.0006058376   1744692
391   0.0000645231   -0.0006104639   1744575
392   0.0000644108   -0.0000200635   1744465
393   0.0000644239   -0.0009659720   1744357
394   0.0000642865   -0.0006593073   1744255
395   0.0000640426   -0.0009769836   1744144
396   0.0000639427   -0.0002717860   1744019
397   0.0000636225   0.0000292447   1743908
398   0.0000635113   -0.0005189839   1743792
399   0.0000635889   0.0008017554   1743674
400   0.0000635563   0.0009073484   1743542
401   0.0000636771   -0.0005741496   1743448
402   0.0000635361   -0.0008070761   1743330
403   0.0000634758   -0.0008272048   1743220
404   0.0000633434   0.0000906431   1743100
405   0.0000633139   -0.0000045898   1742977
406   0.0000633910   0.0001910643   1742869
407   0.0000633068   -0.0004533042   1742759
408   0.0000631191   -0.0002381446   1742639
409   0.0000628318   -0.0001853631   1742526
410   0.0000627166   -0.0002576880   1742417
411   0.0000629843   0.0006468454   1742302
412   0.0000632907   0.0003598921   1742189
413   0.0000632492   -0.0004064128   1742071
414   0.0000632888   -0.0001980550   1741940
415   0.0000632677   -0.0002302196   1741815
416   0.0000632069   -0.0000912898   1741707
417   0.0000630518   -0.0003129319   1741593
418   0.0000629440   -0.0005524081   1741466
419   0.0000627591   -0.0009975059   1741343
420   0.0000629441   -0.0005266395   1741229
421   0.0000629107   -0.0006834697   1741116
422   0.0000630066   0.0003423332   1740994
423   0.0000629894   -0.0004698776   1740879
424   0.0000630182   -0.0008025217   1740763
425   0.0000631667   -0.0006330939   1740658
426   0.0000630291   -0.0005009885   1740559
427   0.0000631239   0.0001511117   1740434
428   0.0000631774   -0.0001493986   1740311
429   0.0000631785   -0.0000930921   1740213
430   0.0000633761   0.0007465050   1740109
431   0.0000636362   0.0003247147   1739989
432   0.0000637666   -0.0004931360   1739885
433   0.0000639757   -0.0001678385   1739768
434   0.0000639923   -0.0008743088   1739660
435   0.0000640800   -0.0003822810   1739558
436   0.0000637687   -0.0013561805   1739444
437   0.0000640211   -0.0001983534   1739320
438   0.0000641189   -0.0010803824   1739199
439   0.0000640871   0.0004456354   1739090
440   0.0000639605   -0.0005071965   1738971
441   0.0000640939   -0.0004692749   1738853
442   0.0000639616   -0.0007246581   1738751
443   0.0000638483   0.0001725484   1738643
444   0.0000639047   0.0005654179   1738537
445   0.0000640025   -0.0009709894   1738433
446   0.0000640394   -0.0007144813   1738324
447   0.0000638591   -0.0008111732   1738223
448   0.0000637018   -0.0006150345   1738114
449   0.0000637323   -0.0010845831   1737995
450   0.0000633651   -0.0009448304   1737878
451   0.0000633717   -0.0006433522   1737773
452   0.0000635309   -0.0007308684   1737659
453   0.0000637007   -0.0009916256   1737551
454   0.0000635077   -0.0015235129   1737432
455   0.0000633050   -0.0004391822   1737320
456   0.0000633210   -0.0005249803   1737208
457   0.0000632477   -0.0006700842   1737095
458   0.0000633480   -0.0007743284   1736989
459   0.0000632594   -0.0002193576   1736890
460   0.0000633768   -0.0004853835   1736771
461   0.0000631852   0.0002418437   1736659
462   0.0000634228   -0.0000610407   1736545
463   0.0000633797   -0.0004566812   1736441
464   0.0000633862   -0.0004411599   1736332
465   0.0000631814   -0.0008806478   1736222
466   0.0000631410   0.0005552660   1736105
467   0.0000634185   0.0004665920   1735992
468   0.0000635921   -0.0006515371   1735895
469   0.0000635198   0.0004291999   1735788
470   0.0000633790   0.0001313603   1735684
471   0.0000636433   -0.0018195657   1735579
472   0.0000634202   -0.0012815054   1735459
473   0.0000633229   -0.0011922619   1735357
474   0.0000630516   -0.0012782005   1735252
475   0.0000631018   0.0000138317   1735148
476   0.0000629853   -0.0010662548   1735045
477   0.0000626466   -0.0009706455   1734928
478   0.0000625328   -0.0006190858   1734816
479   0.0000623248   -0.0006519795   1734717
480   0.0000625670   -0.0000432374   1734608
481   0.0000630033   -0.0011455791   1734494
482   0.0000628296   -0.0007097637   1734380
483   0.0000628310   -0.0011687895   1734273
484   0.0000628732   0.0000813066   1734176
485   0.0000626645   -0.0001510891   1734076
486   0.0000627877   -0.0000478669   1733975
487   0.0000626903   -0.0004123716   1733873
488   0.0000629098   -0.0010462785   1733764
489   0.0000626776   -0.0004101162   1733655
490   0.0000629148   -0.0000542244   1733538
491   0.0000631879   -0.0002815234   1733426
492   0.0000629759   -0.0006248132   1733318
493   0.0000629150   -0.0015445428   1733199
494   0.0000625670   -0.0006549008   1733087
495   0.0000624453   -0.0000565500   1732981
496   0.0000624065   -0.0007253875   1732867
497   0.0000623910   0.0008391295   1732748
498   0.0000626708   0.0008091703   1732639
499   0.0000625895   0.0009869936   1732534
500   0.0000625901   -0.0006978653   1732426
501   0.0000626783   -0.0002199369   1732315
502   0.0000628265   -0.0004970546   1732204
503   0.0000626894   -0.0001206631   1732095
504   0.0000628619   0.0004809519   1731982
505   0.0000631251   0.0009758233   1731871
506   0.0000633373   -0.0008066966   1731754
507   0.0000634642   -0.0001963449   1731647
508   0.0000633989   -0.0004602847   1731537
509   0.0000633309   0.0012544573   1731426
510   0.0000633461   0.0004095148   1731317
511   0.0000636423   -0.0011333127   1731208
512   0.0000637383   -0.0003442892   1731103
513   0.0000640283   0.0003495100   1730995
514   0.0000641029   0.0000716393   1730894
515   0.0000643711   -0.0000358219   1730785
516   0.0000644867   0.0004079361   1730663
517   0.0000646787   0.0002935471   1730557
518   0.0000647728   -0.0005281903   1730437
519   0.0000647705   -0.0009686086   1730317
520   0.0000646286   -0.0016558693   1730209
521   0.0000646956   0.0000543321   1730100
522   0.0000648256   -0.0006005819   1729989
523   0.0000646383   -0.0005717160   1729880
524   0.0000645957   -0.0005185711   1729753
525   0.0000648204   0.0000196573   1729639
526   0.0000645837   -0.0007649521   1729520
527   0.0000647137   -0.0002081629   1729415
528   0.0000648004   -0.0006199062   1729294
529   0.0000646619   0.0002509843   1729192
530   0.0000647387   0.0004834975   1729068
531   0.0000649756   -0.0010277867   1728958
532   0.0000644683   -0.0005304107   1728849
533   0.0000644495   -0.0003673213   1728732
534   0.0000641149   -0.0004610625   1728616
535   0.0000639058   0.0000271911   1728508
536   0.0000637711   0.0003974784   1728396
537   0.0000638253   0.0001839969   1728290
538   0.0000642590   0.0002771696   1728184
539   0.0000643028   0.0009901185   1728076
540   0.0000642912   0.0012564006   1727952
541   0.0000643291   -0.0005272516   1727828
542   0.0000640117   0.0011929092   1727709
543   0.0000639709   -0.0004260260   1727594
544   0.0000640320   -0.0002315510   1727481
545   0.0000639581   -0.0000503659   1727359
546   0.0000638483   -0.0007607486   1727246
547   0.0000638215   0.0004330852   1727143
548   0.0000640732   -0.0001146480   1727026
549   0.0000639251   0.0004655723   1726907
550   0.0000642666   -0.0004488081   1726796
551   0.0000640202   -0.0006196853   1726683
552   0.0000642056   0.0000225882   1726567
553   0.0000645277   -0.0004338342   1726466
554   0.0000646781   -0.0006255963   1726353
555   0.0000647229   -0.0001535125   1726244
556   0.0000648315   -0.0007548674   1726131
557   0.0000645480   -0.0002977939   1726026
558   0.0000644093   -0.0006176452   1725910
559   0.0000645915   0.0000956081   1725795
560   0.0000647268   0.0003726070   1725679
561   0.0000648224   -0.0000318737   1725563
562   0.0000647476   -0.0013602304   1725443
563   0.0000646931   -0.0013562623   1725330
564   0.0000648255   -0.0010050880   1725222
565   0.0000645362   0.0000475331   1725112
566   0.0000644870   -0.0000249276   1724998
567   0.0000648167   -0.0007148332   1724878
568   0.0000646477   0.0000382661   1724762
569   0.0000646093   -0.0004337137   1724640
570   0.0000645551   0.0003113912   1724519
571   0.0000645704   -0.0009632353   1724397
572   0.0000643037   -0.0008513723   1724275
573   0.0000641515   0.0002830372   1724155
574   0.0000640885   0.0001247080   1724028
575   0.0000642128   0.0002198498   1723904
576   0.0000647656   -0.0004571373   1723771
577   0.0000649968   -0.0001108109   1723657
578   0.0000646891   -0.0005900636   1723543
579   0.0000645149   -0.0003168119   1723420
580   0.0000646516   0.0000777584   1723286
581   0.0000641740   -0.0006975504   1723173
582   0.0000638327   -0.0006267977   1723044
583   0.0000638351   0.0004486577   1722917
584   0.0000641078   0.0005821935   1722795
585   0.0000643546   -0.0001845974   1722668
586   0.0000644379   0.0009364057   1722544
587   0.0000647100   0.0007367541   1722420
588   0.0000647443   0.0005045643   1722278
589   0.0000648928   0.0012751532   1722146
590   0.0000649325   -0.0002665476   1722019
591   0.0000648127   -0.0001986200   1721881
592   0.0000647942   -0.0000325253   1721738
593   0.0000650209   -0.0005541347   1721603
594   0.0000649428   0.0001260562   1721454
595   0.0000649983   0.0002097235   1721314
596   0.0000651665   -0.0007163752   1721165
597   0.0000652944   -0.0002039482   1721025
598   0.0000653810   -0.0016712156   1720903
599   0.0000651594   -0.0000906561   1720789
600   0.0000649193   0.0008397896   1720669
601   0.0000650794   0.0006654849   1720550
602   0.0000653380   0.0000255746   1720460
603   0.0000652925   0.0003842232   1720354
604   0.0000656130   0.0002819358   1720250
605   0.0000658093   -0.0001197569   1720151
606   0.0000654561   -0.0008348658   1720037
607   0.0000652534   0.0006366553   1719926
608   0.0000653898   0.0003215447   1719823
609   0.0000657837   -0.0006396438   1719707
610   0.0000660588   -0.0003227484   1719606
611   0.0000661919   -0.0011195037   1719512
612   0.0000663036   -0.0001471427   1719419
613   0.0000663557   -0.0004042296   1719320
614   0.0000663416   -0.0002594216   1719209
615   0.0000659178   -0.0005118970   1719096
616   0.0000657108   0.0001227470   1718983
617   0.0000659248   0.0002914702   1718872
618   0.0000658020   0.0009221706   1718771
619   0.0000659199   0.0010449977   1718664
620   0.0000662097   0.0001838749   1718560
621   0.0000659566   0.0003520594   1718460
622   0.0000660928   0.0002578070   1718340
623   0.0000662145   0.0003003087   1718232
624   0.0000662367   0.0005430326   1718129
625   0.0000664989   -0.0004639067   1718018
626   0.0000663334   0.0007998086   1717911
627   0.0000664820   0.0005792289   1717801
628   0.0000664595   -0.0001717417   1717696
629   0.0000667862   -0.0003458324   1717595
630   0.0000667701   -0.0007126683   1717489
631   0.0000666893   0.0003301531   1717385
632   0.0000668650   -0.0007232380   1717277
633   0.0000667814   0.0002632253   1717160
634   0.0000670998   0.0005002778   1717046
635   0.0000671670   0.0009324723   1716941
636   0.0000672984   0.0002743435   1716826
637   0.0000673979   -0.0001095112   1716720
638   0.0000671778   -0.0001899083   1716618
639   0.0000672976   0.0004276128   1716506
640   0.0000672296   0.0001281757   1716394
641   0.0000671554   -0.0001514892   1716294
642   0.0000669919   0.0006438737   1716175
643   0.0000669749   0.0002785429   1716073
644   0.0000672972   0.0013100462   1715970
645   0.0000676315   0.0002721645   1715874
646   0.0000675152   -0.0006008985   1715764
647   0.0000674543   -0.0002704514   1715650
648   0.0000675115   -0.0005770801   1715533
649   0.0000673925   -0.0001498182   1715412
650   0.0000673131   -0.0005060354   1715295
651   0.0000671281   0.0013561235   1715183
652   0.0000671879   0.0001679234   1715068
653   0.0000674472   -0.0003982623   1714950
654   0.0000677629   -0.0009027176   1714822
655   0.0000677321   -0.0003679931   1714706
656   0.0000677074   0.0002414557   1714600
657   0.0000679922   -0.0005960935   1714496
658   0.0000681418   -0.0001971569   1714371
659   0.0000681288   -0.0002234204   1714257
660   0.0000682336   -0.0004970402   1714147
661   0.0000680353   0.0017864321   1714031
662   0.0000684102   -0.0003098168   1713916
663   0.0000683207   0.0002800767   1713816
664   0.0000681963   0.0003705428   1713702
665   0.0000683378   -0.0001161313   1713578
666   0.0000682560   -0.0000665320   1713460
667   0.0000682140   0.0002819022   1713360
668   0.0000682220   0.0000396906   1713251
669   0.0000684996   0.0002901099   1713144
670   0.0000690225   0.0005592430   1713030
671   0.0000692412   0.0004833814   1712933
672   0.0000691271   -0.0000472900   1712834
673   0.0000691580   -0.0010684659   1712736
674   0.0000689035   -0.0010434293   1712622
675   0.0000683844   -0.0011462640   1712520
676   0.0000681121   -0.0011819537   1712419
677   0.0000680047   -0.0014144676   1712305
678   0.0000677727   0.0000630765   1712207
679   0.0000675965   0.0009730740   1712100
680   0.0000680002   -0.0003779228   1711990
681   0.0000681281   -0.0000753556   1711883
682   0.0000683385   -0.0004124362   1711780
683   0.0000684303   -0.0005427391   1711688
684   0.0000686666   0.0001986457   1711590
685   0.0000687704   -0.0005661740   1711488
686   0.0000688052   -0.0010856736   1711380
687   0.0000684236   -0.0003909357   1711279
688   0.0000683820   -0.0003553100   1711182
689   0.0000682339   -0.0002296795   1711080
690   0.0000682266   0.0001046182   1710984
691   0.0000681985   0.0001572282   1710889
692   0.0000682345   -0.0004039063   1710793
693   0.0000680888   -0.0014438711   1710679
694   0.0000678941   0.0005618004   1710572
695   0.0000680184   0.0000479398   1710478
696   0.0000680248   0.0003841317   1710351
697   0.0000682120   -0.0003800621   1710247
698   0.0000681110   0.0000888813   1710146
699   0.0000678957   0.0000502911   1710043
700   0.0000681686   -0.0001239808   1709942
701   0.0000683031   -0.0011796439   1709838
702   0.0000680121   -0.0010884798   1709724
703   0.0000682291   -0.0004808055   1709631
704   0.0000683591   -0.0000345124   1709532
705   0.0000687161   -0.0007914998   1709413
706   0.0000689003   -0.0003270333   1709306
707   0.0000690285   0.0001187685   1709208
708   0.0000689876   -0.0000550000   1709092
709   0.0000690118   -0.0009502794   1708971
710   0.0000686995   0.0006905120   1708877
711   0.0000688832   0.0006045280   1708771
712   0.0000688519   -0.0014315186   1708675
713   0.0000687594   -0.0006637118   1708573
714   0.0000687877   -0.0002235921   1708468
715   0.0000687435   -0.0002452649   1708357
716   0.0000686909   -0.0009272653   1708249
717   0.0000686072   0.0004624919   1708138
718   0.0000688876   0.0007634562   1708022
719   0.0000692989   0.0004848008   1707918
720   0.0000695960   0.0007049989   1707804
721   0.0000700554   -0.0004854483   1707700
722   0.0000697249   -0.0001018977   1707595
723   0.0000699087   -0.0001083459   1707494
724   0.0000697222   -0.0004111507   1707403
725   0.0000696351   -0.0001856735   1707298
726   0.0000696127   0.0004434187   1707190
727   0.0000696699   -0.0006654564   1707099
728   0.0000696194   -0.0007873481   1706996
729   0.0000693968   -0.0001406056   1706902
730   0.0000693789   0.0002050616   1706804
731   0.0000695720   -0.0000943338   1706705
732   0.0000697089   -0.0003726708   1706600
733   0.0000696715   0.0002818668   1706480
734   0.0000696965   -0.0002988799   1706371
735   0.0000695899   0.0001471044   1706271
736   0.0000695438   0.0008146983   1706153
737   0.0000699214   0.0005457056   1706048
738   0.0000699635   0.0008962727   1705954
739   0.0000701663   0.0000973116   1705861
740   0.0000700135   0.0009731761   1705755
741   0.0000700444   -0.0005217955   1705649
742   0.0000697458   -0.0005904313   1705533
743   0.0000693070   -0.0003746856   1705430
744   0.0000691245   -0.0004362784   1705333
745   0.0000690100   -0.0002650666   1705232
746   0.0000690248   -0.0002639115   1705117
747   0.0000688122   0.0000592373   1705008
748   0.0000686749   -0.0009150038   1704911
749   0.0000684216   -0.0013796259   1704810
750   0.0000681156   -0.0004141469   1704709
751   0.0000681584   -0.0012354761   1704606
752   0.0000677835   0.0002194197   1704496
753   0.0000679704   -0.0009099998   1704396
754   0.0000676780   -0.0005650453   1704288
755   0.0000675699   -0.0010503616   1704175
756   0.0000674086   -0.0005216959   1704058
757   0.0000675247   -0.0004219642   1703936
758   0.0000673620   -0.0007847027   1703830
759   0.0000669387   0.0008604731   1703714
760   0.0000674638   0.0005840569   1703601
761   0.0000676389   0.0000305255   1703495
762   0.0000679189   0.0000111541   1703410
763   0.0000681443   0.0012669427   1703313
764   0.0000683413   0.0009329404   1703217
765   0.0000682882   -0.0008590162   1703111
766   0.0000682854   -0.0010117416   1703004
767   0.0000683303   -0.0008720413   1702901
768   0.0000681893   -0.0010435716   1702806
769   0.0000680545   0.0000810477   1702700
770   0.0000681510   0.0002701768   1702589
771   0.0000681056   -0.0006108743   1702478
772   0.0000680845   -0.0004805021   1702386
773   0.0000682900   -0.0003606948   1702270
774   0.0000681222   -0.0000798980   1702170
775   0.0000680226   -0.0004976320   1702061
776   0.0000678885   -0.0003731021   1701947
777   0.0000676865   0.0004759546   1701843
778   0.0000677427   -0.0007545227   1701738
779   0.0000675264   0.0007745537   1701625
780   0.0000679450   -0.0005600851   1701527
781   0.0000679468   -0.0004484476   1701425
782   0.0000679197   -0.0000399691   1701313
783   0.0000681126   -0.0002698095   1701200
784   0.0000680632   -0.0004261981   1701087
785   0.0000678176   -0.0008765499   1700987
786   0.0000675942   0.0002810297   1700888
787   0.0000675359   0.0004345075   1700776
788   0.0000677899   -0.0005750627   1700684
789   0.0000679803   0.0001964031   1700584
790   0.0000681046   -0.0003210864   1700477
791   0.0000680013   -0.0004263768   1700374
792   0.0000678497   -0.0003722914   1700281
793   0.0000677950   -0.0003552571   1700177
794   0.0000675475   0.0001864631   1700068
795   0.0000674377   -0.0002511809   1699970
796   0.0000673814   0.0007012305   1699869
797   0.0000672997   -0.0002882738   1699773
798   0.0000676625   0.0007936825   1699672
799   0.0000677544   0.0004665878   1699573
800   0.0000677865   -0.0000035305   1699472
801   0.0000678425   -0.0003089377   1699372
802   0.0000678931   0.0002136209   1699272
803   0.0000678906   -0.0014065699   1699169
804   0.0000673180   0.0000435535   1699058
805   0.0000673686   0.0001648071   1698956
806   0.0000674574   -0.0001765895   1698855
807   0.0000675959   -0.0009183180   1698758
808   0.0000673026   -0.0006923124   1698655
809   0.0000673569   0.0002113567   1698550
810   0.0000672933   0.0008890469   1698448
811   0.0000674740   0.0000924434   1698336
812   0.0000673370   0.0009233105   1698237
813   0.0000673834   0.0006630827   1698129
814   0.0000671375   0.0003592373   1698042
815   0.0000672449   0.0007055646   1697931
816   0.0000669681   0.0005183096   1697827
817   0.0000668388   -0.0001401874   1697727
818   0.0000669517   0.0003675726   1697624
819   0.0000669500   0.0008724518   1697515
820   0.0000669009   0.0009267054   1697411
821   0.0000670199   0.0003022435   1697307
822   0.0000671649   0.0008455127   1697195
823   0.0000674668   -0.0002256804   1697090
824   0.0000673920   -0.0009287010   1696994
825   0.0000672693   0.0009641230   1696879
826   0.0000674835   0.0009700824   1696763
827   0.0000675705   0.0002687630   1696662
828   0.0000673833   0.0000447965   1696560
829   0.0000673619   -0.0005894645   1696455
830   0.0000672180   -0.0004580406   1696356
831   0.0000670257   -0.0003354468   1696245
832   0.0000667215   0.0000153289   1696148
833   0.0000666115   -0.0014415900   1696044
834   0.0000662382   -0.0000654505   1695939
835   0.0000664161   -0.0003844705   1695839
836   0.0000664838   0.0000896366   1695736
837   0.0000664310   -0.0006611128   1695626
838   0.0000662132   -0.0005308125   1695514
839   0.0000662074   -0.0010900044   1695406
840   0.0000661174   -0.0000855307   1695298
841   0.0000660808   -0.0002111866   1695183
842   0.0000660969   0.0010040806   1695083
843   0.0000663062   0.0016702173   1694989
844   0.0000666190   -0.0002778936   1694893
845   0.0000666347   -0.0000725753   1694791
846   0.0000662914   0.0001711221   1694696
847   0.0000663862   -0.0005670948   1694602
848   0.0000667051   -0.0001239311   1694490
849   0.0000667048   0.0000200662   1694393
850   0.0000667285   0.0001463737   1694294
851   0.0000666104   -0.0000501713   1694194
852   0.0000664782   0.0006563992   1694091
853   0.0000664188   0.0001103907   1693984
854   0.0000665872   0.0008329993   1693879
855   0.0000669157   0.0005242696   1693785
856   0.0000670283   0.0002999402   1693671
857   0.0000668375   -0.0003029108   1693568
858   0.0000667714   0.0006040894   1693458
859   0.0000667428   -0.0000773613   1693354
860   0.0000666531   0.0000059058   1693254
861   0.0000663764   -0.0006254574   1693161
862   0.0000664224   -0.0004347133   1693070
863   0.0000665459   0.0001606642   1692972
864   0.0000666665   -0.0004152691   1692878
865   0.0000665179   0.0010414864   1692773
866   0.0000669264   0.0000413547   1692675
867   0.0000669619   0.0005157816   1692577
868   0.0000666774   0.0000194981   1692473
869   0.0000668464   -0.0003243989   1692361
870   0.0000666574   0.0002405075   1692255
871   0.0000665585   0.0006305569   1692155
872   0.0000666097   -0.0002109885   1692035
873   0.0000668295   0.0000047283   1691930
874   0.0000666836   0.0001288550   1691824
875   0.0000665621   -0.0007932727   1691726
876   0.0000664702   0.0000809872   1691625
877   0.0000665800   -0.0005628071   1691521
878   0.0000664115   0.0004191747   1691419
879   0.0000664261   0.0001312597   1691304
880   0.0000663972   -0.0004014915   1691194
881   0.0000661998   0.0001998714   1691087
882   0.0000662514   -0.0001921976   1690968
883   0.0000659932   0.0004340950   1690874
884   0.0000660570   -0.0009883077   1690769
885   0.0000658751   0.0004016209   1690649
886   0.0000659902   0.0003075944   1690538
887   0.0000661632   0.0000029578   1690427
888   0.0000661537   -0.0008016205   1690326
889   0.0000658341   -0.0006945821   1690225
890   0.0000659560   -0.0003419861   1690127
891   0.0000659039   -0.0017627125   1690009
892   0.0000656995   -0.0008101057   1689903
893   0.0000656789   -0.0001414373   1689795
894   0.0000653828   -0.0009865657   1689700
895   0.0000653241   -0.0005510219   1689588
896   0.0000651466   -0.0012465352   1689483
897   0.0000648724   -0.0002634104   1689379
898   0.0000646010   0.0005706631   1689263
899   0.0000649334   0.0015327145   1689160
900   0.0000652624   -0.0001456434   1689057
901   0.0000650387   -0.0010669439   1688936
902   0.0000649121   -0.0006258819   1688817
903   0.0000647522   -0.0000242788   1688716
904   0.0000645101   0.0003055779   1688604
905   0.0000645258   -0.0001942538   1688513
906   0.0000644623   0.0007308638   1688413
907   0.0000644114   -0.0001575538   1688312
908   0.0000643047   -0.0000426488   1688207
909   0.0000643042   0.0000669393   1688096
910   0.0000643638   0.0002037924   1687992
911   0.0000642405   -0.0002642360   1687885
912   0.0000639500   -0.0000142197   1687797
913   0.0000639239   0.0004698702   1687700
914   0.0000638548   -0.0006002593   1687604
915   0.0000637950   -0.0014607338   1687508
916   0.0000635103   0.0002109750   1687404
917   0.0000636271   0.0001214957   1687303
918   0.0000635959   -0.0000604553   1687197
919   0.0000638367   0.0003959483   1687089
920   0.0000639387   -0.0003687064   1686979
921   0.0000637433   0.0008269710   1686879
922   0.0000639599   0.0004333729   1686769
923   0.0000639053   -0.0000237155   1686662
924   0.0000640666   -0.0003610900   1686560
925   0.0000638614   0.0006813035   1686473
926   0.0000639260   0.0010786386   1686385
927   0.0000642624   0.0005758237   1686280
928   0.0000646023   -0.0002662822   1686181
929   0.0000647451   -0.0004353301   1686077
930   0.0000649642   0.0005860090   1685981
931   0.0000649254   0.0000966845   1685896
932   0.0000651062   0.0008969035   1685800
933   0.0000653003   0.0012380665   1685693
934   0.0000657663   0.0009913413   1685595
935   0.0000660303   0.0013984072   1685489
936   0.0000662660   0.0017420290   1685391
937   0.0000667087   0.0007660398   1685291
938   0.0000667751   0.0008254301   1685182
939   0.0000668716   0.0000379804   1685081
940   0.0000671746   0.0009946617   1684995
941   0.0000672254   0.0002831059   1684882
942   0.0000674250   0.0003899610   1684784
943   0.0000675631   0.0007770026   1684679
944   0.0000671650   0.0006743549   1684573
945   0.0000670282   0.0000403686   1684476
946   0.0000670546   -0.0012580341   1684374
947   0.0000666465   0.0004257030   1684273
948   0.0000667795   0.0003728826   1684176
949   0.0000667798   0.0000670991   1684076
950   0.0000667780   -0.0009994240   1683970
951   0.0000668813   -0.0012067504   1683861
952   0.0000670705   -0.0002334072   1683753
953   0.0000671022   -0.0004656564   1683645
954   0.0000668020   0.0000552404   1683549
955   0.0000671750   0.0010935843   1683455
956   0.0000673383   0.0000605932   1683356
957   0.0000673306   -0.0001110947   1683248
958   0.0000675062   -0.0002382442   1683147
959   0.0000674053   -0.0000689220   1683062
960   0.0000675360   0.0006019107   1682974
961   0.0000675119   0.0001117127   1682888
962   0.0000670263   -0.0000505114   1682790
963   0.0000666194   0.0004665135   1682695
964   0.0000665763   -0.0008926698   1682593
965   0.0000665544   0.0000136701   1682500
966   0.0000664279   0.0000297194   1682401
967   0.0000663263   0.0004273911   1682300
968   0.0000663462   -0.0001866601   1682202
969   0.0000663910   0.0000368587   1682099
970   0.0000663133   0.0005868000   1682004
971   0.0000662631   0.0015036503   1681907
972   0.0000665137   0.0001890816   1681814
973   0.0000665457   0.0002848276   1681719
974   0.0000663676   0.0008444193   1681629
975   0.0000665231   0.0014005102   1681530
976   0.0000668230   0.0009069693   1681424
977   0.0000667279   -0.0002402871   1681322
978   0.0000666537   0.0002819368   1681228
979   0.0000666898   0.0006543234   1681126
980   0.0000667373   -0.0002468742   1681018
981   0.0000663266   -0.0007662475   1680919
982   0.0000660611   0.0006705065   1680819
983   0.0000662435   0.0002701225   1680719
984   0.0000661108   0.0002981036   1680624
985   0.0000663881   -0.0008640203   1680516
986   0.0000663110   0.0008206296   1680417
987   0.0000663189   0.0002213872   1680314
988   0.0000663732   0.0003535256   1680218
989   0.0000664027   -0.0004059241   1680117
990   0.0000664526   0.0004315448   1680011
991   0.0000666765   -0.0001726277   1679916
992   0.0000666554   0.0001065587   1679825
993   0.0000667809   -0.0007846490   1679732
994   0.0000669559   -0.0001524143   1679632
995   0.0000667798   -0.0001018137   1679539
996   0.0000667740   0.0006454571   1679430
997   0.0000666809   -0.0012868166   1679338
998   0.0000668468   -0.0002876332   1679222
999   0.0000668600   -0.0011476256   1679119
1000   0.0000668337   0.0000530071   1679020
