0   0.0000000000   1.0000000000   1971982
1   0.0000948610   0.2951282917   1971834
2   0.0001144009   0.1986109477   1971704
3   0.0001198766   0.1514783710   1971562
4   0.0001225349   0.1263071129   1971425
5   0.0001246665   0.1103016001   1971286
6   0.0001263762   0.0929891946   1971143
7   0.0001278302   0.0800614101   1971012
8   0.0001291937   0.0713427873   1970893
9   0.0001300309   0.0630120791   1970765
10   0.0001307798   0.0601446337   1970633
11   0.0001318604   0.0523076158   1970497
12   0.0001326209   0.0481279677   1970372
13   0.0001335853   0.0443582504   1970231
14   0.0001343648   0.0410747524   1970091
15   0.0001353127   0.0416363573   1969961
16   0.0001363479   0.0372180837   1969822
17   0.0001371555   0.0334696828   1969693
18   0.0001379721   0.0327956498   1969560
19   0.0001386983   0.0307814483   1969433
20   0.0001393533   0.0318479941   1969292
21   0.0001401271   0.0275366006   1969161
22   0.0001407343   0.0255919318   1969019
23   0.0001411968   0.0242315182   1968882
24   0.0001416068   0.0241543636   1968754
25   0.0001419326   0.0235089614   1968611
26   0.0001424920   0.0219764142   1968474
27   0.0001427792   0.0202469896   1968342
28   0.0001430471   0.0202672699   1968198
29   0.0001434631   0.0190355936   1968050
30   0.0001436441   0.0219405916   1967905
31   0.0001440390   0.0178700655   1967760
32   0.0001442580   0.0182397746   1967623
33   0.0001446180   0.0175365746   1967488
34   0.0001447111   0.0161591774   1967365
35   0.0001448713   0.0163376848   1967231
36   0.0001451497   0.0167199427   1967112
37   0.0001453140   0.0150402621   1966987
38   0.0001454615   0.0147942743   1966842
39   0.0001457074   0.0142456763   1966702
40   0.0001459748   0.0158581966   1966554
41   0.0001463783   0.0132703220   1966418
42   0.0001465040   0.0134502374   1966285
43   0.0001466164   0.0118118626   1966159
44   0.0001464862   0.0124586792   1966019
45   0.0001466039   0.0131451912   1965890
46   0.0001467861   0.0124430816   1965751
47   0.0001470787   0.0123457230   1965620
48   0.0001473947   0.0119156765   1965478
49   0.0001476190   0.0118015564   1965334
50   0.0001477824   0.0119321735   1965191
51   0.0001477496   0.0109849622   1965050
52   0.0001477154   0.0115232327   1964900
53   0.0001477512   0.0097014986   1964748
54   0.0001479615   0.0100111625   1964607
55   0.0001477845   0.0111917885   1964476
56   0.0001478384   0.0106708031   1964332
57   0.0001478107   0.0099979737   1964198
58   0.0001476751   0.0096427660   1964063
59   0.0001476858   0.0100583879   1963933
60   0.0001474857   0.0124056224   1963787
61   0.0001475022   0.0092119878   1963637
62   0.0001472457   0.0084186102   1963507
63   0.0001471624   0.0092606175   1963368
64   0.0001472854   0.0087931578   1963231
65   0.0001472706   0.0087259635   1963107
66   0.0001474408   0.0085457110   1962973
67   0.0001473633   0.0079869128   1962836
68   0.0001471783   0.0080032975   1962691
69   0.0001471414   0.0074087398   1962547
70   0.0001470874   0.0085317910   1962425
71   0.0001471641   0.0078183923   1962296
72   0.0001471475   0.0083387398   1962167
73   0.0001472700   0.0072424693   1962038
74   0.0001471986   0.0072730220   1961908
75   0.0001469153   0.0082190747   1961778
76   0.0001468884   0.0074172593   1961641
77   0.0001467049   0.0071179639   1961516
78   0.0001465317   0.0072102369   1961378
79   0.0001465524   0.0071123661   1961232
80   0.0001466491   0.0081749830   1961105
81   0.0001465541   0.0059638700   1960975
82   0.0001460854   0.0053227188   1960840
83   0.0001458543   0.0051374457   1960702
84   0.0001455464   0.0061523144   1960563
85   0.0001454786   0.0068086930   1960435
86   0.0001453828   0.0052048103   1960302
87   0.0001452128   0.0049342709   1960168
88   0.0001450250   0.0054789978   1960030
89   0.0001448698   0.0056809021   1959900
90   0.0001447013   0.0078841045   1959766
91   0.0001449443   0.0064604197   1959625
92   0.0001451486   0.0063572632   1959491
93   0.0001450609   0.0059315529   1959352
94   0.0001450568   0.0058104548   1959227
95   0.0001449438   0.0069490774   1959109
96   0.0001449047   0.0061593593   1958970
97   0.0001449549   0.0051632704   1958836
98   0.0001446453   0.0048741637   1958695
99   0.0001444948   0.0060227738   1958566
100   0.0001445218   0.0064735693   1958425
101   0.0001447630   0.0050166626   1958274
102   0.0001446430   0.0045890582   1958136
103   0.0001444597   0.0042211311   1958006
104   0.0001443593   0.0055534615   1957878
105   0.0001440897   0.0054925606   1957739
106   0.0001439905   0.0039032608   1957594
107   0.0001437451   0.0039494818   1957472
108   0.0001434313   0.0045409029   1957320
109   0.0001432509   0.0043828432   1957177
110   0.0001430388   0.0056703067   1957037
111   0.0001430204   0.0050641838   1956880
112   0.0001427499   0.0053625126   1956732
113   0.0001424539   0.0048870689   1956592
114   0.0001421791   0.0055483316   1956444
115   0.0001421346   0.0051934111   1956325
116   0.0001419808   0.0044285110   1956188
117   0.0001416868   0.0047677767   1956048
118   0.0001414184   0.0042558631   1955890
119   0.0001412416   0.0048339586   1955747
120   0.0001411126   0.0084699741   1955614
121   0.0001410833   0.0047988291   1955477
122   0.0001405842   0.0039235782   1955358
123   0.0001403416   0.0035520336   1955218
124   0.0001402434   0.0044248625   1955089
125   0.0001402553   0.0048098245   1954957
126   0.0001402902   0.0045431642   1954805
127   0.0001401501   0.0043342532   1954662
128   0.0001401092   0.0039845937   1954528
129   0.0001398986   0.0043788442   1954397
130   0.0001399757   0.0059910268   1954256
131   0.0001400499   0.0045887593   1954123
132   0.0001400003   0.0050629478   1954000
133   0.0001399314   0.0050397700   1953859
134   0.0001400809   0.0046623900   1953719
135   0.0001401609   0.0049155783   1953585
136   0.0001400497   0.0046272241   1953439
137   0.0001400174   0.0042353618   1953316
138   0.0001400159   0.0048100799   1953190
139   0.0001401565   0.0044381410   1953070
140   0.0001402003   0.0050677414   1952941
141   0.0001401763   0.0038708125   1952820
142   0.0001402433   0.0038782378   1952691
143   0.0001400528   0.0051783379   1952557
144   0.0001400966   0.0057687353   1952421
145   0.0001401212   0.0046596465   1952294
146   0.0001400443   0.0036041888   1952173
147   0.0001397820   0.0034912051   1952048
148   0.0001395329   0.0036348770   1951923
149   0.0001393260   0.0047100137   1951799
150   0.0001393711   0.0043481068   1951654
151   0.0001392144   0.0037837173   1951520
152   0.0001390746   0.0043061612   1951390
153   0.0001389542   0.0045939759   1951251
154   0.0001389647   0.0047618462   1951134
155   0.0001389800   0.0044238670   1951008
156   0.0001389379   0.0050669493   1950878
157   0.0001389960   0.0048079067   1950745
158   0.0001391158   0.0042104950   1950602
159   0.0001392099   0.0033848217   1950472
160   0.0001390279   0.0047802020   1950336
161   0.0001391458   0.0040713585   1950209
162   0.0001391148   0.0034306373   1950075
163   0.0001389604   0.0028765061   1949935
164   0.0001386707   0.0030659555   1949800
165   0.0001386740   0.0035488221   1949661
166   0.0001386313   0.0028914839   1949518
167   0.0001384186   0.0034415788   1949396
168   0.0001385135   0.0040112596   1949263
169   0.0001385461   0.0036560107   1949119
170   0.0001386143   0.0042067986   1948988
171   0.0001385046   0.0036241905   1948849
172   0.0001381699   0.0027695287   1948707
173   0.0001379416   0.0027147891   1948586
174   0.0001378199   0.0028832894   1948469
175   0.0001374792   0.0029712122   1948363
176   0.0001373657   0.0028800250   1948247
177   0.0001370763   0.0023427691   1948122
178   0.0001369325   0.0026324516   1947994
179   0.0001368950   0.0029709421   1947867
180   0.0001370038   0.0045494266   1947718
181   0.0001369654   0.0029775337   1947585
182   0.0001370393   0.0034029237   1947443
183   0.0001368795   0.0024089444   1947326
184   0.0001367983   0.0028502524   1947196
185   0.0001367573   0.0034616293   1947060
186   0.0001366943   0.0027258369   1946925
187   0.0001366545   0.0025308406   1946784
188   0.0001365163   0.0026717640   1946654
189   0.0001363647   0.0027222858   1946526
190   0.0001363754   0.0029510786   1946407
191   0.0001363014   0.0023434485   1946277
192   0.0001362585   0.0036975757   1946140
193   0.0001362154   0.0038185846   1946009
194   0.0001362839   0.0029575247   1945884
195   0.0001363093   0.0044137086   1945756
196   0.0001363910   0.0035761956   1945643
197   0.0001362945   0.0025931197   1945533
198   0.0001359507   0.0032271098   1945394
199   0.0001359899   0.0029024323   1945265
200   0.0001358804   0.0037318862   1945129
201   0.0001360122   0.0022627110   1945012
202   0.0001357360   0.0023723682   1944892
203   0.0001357888   0.0031669750   1944758
204   0.0001358269   0.0034705777   1944633
205   0.0001358867   0.0027858104   1944497
206   0.0001357312   0.0029356628   1944365
207   0.0001356265   0.0036106895   1944227
208   0.0001354791   0.0032380105   1944095
209   0.0001352652   0.0030710524   1943959
210   0.0001352076   0.0040553979   1943829
211   0.0001351579   0.0027170026   1943686
212   0.0001350663   0.0030629534   1943549
213   0.0001353322   0.0022681793   1943409
214   0.0001352804   0.0019554658   1943271
215   0.0001350142   0.0026565332   1943134
216   0.0001348893   0.0031240495   1942991
217   0.0001347221   0.0029261092   1942853
218   0.0001345572   0.0025098934   1942712
219   0.0001344178   0.0026330908   1942584
220   0.0001344235   0.0039733470   1942443
221   0.0001341815   0.0035807915   1942308
222   0.0001340453   0.0031490436   1942177
223   0.0001341451   0.0026467082   1942035
224   0.0001342333   0.0035423960   1941906
225   0.0001341456   0.0041714475   1941772
226   0.0001339635   0.0036845160   1941639
227   0.0001339257   0.0031187371   1941491
228   0.0001340676   0.0032626730   1941353
229   0.0001340447   0.0031166064   1941214
230   0.0001342166   0.0031235124   1941084
231   0.0001341938   0.0025327660   1940961
232   0.0001337906   0.0026323844   1940826
233   0.0001335757   0.0024578938   1940686
234   0.0001336260   0.0026497574   1940555
235   0.0001335365   0.0024505080   1940414
236   0.0001334558   0.0026207774   1940264
237   0.0001334404   0.0027462148   1940125
238   0.0001334056   0.0033814398   1940002
239   0.0001334129   0.0027032934   1939856
240   0.0001335415   0.0069742384   1939710
241   0.0001332998   0.0022216070   1939587
242   0.0001331704   0.0023094140   1939453
243   0.0001330686   0.0025003532   1939326
244   0.0001329071   0.0017930148   1939192
245   0.0001326394   0.0017064846   1939074
246   0.0001323319   0.0018525682   1938930
247   0.0001322041   0.0030941836   1938799
248   0.0001321455   0.0023975199   1938670
249   0.0001318568   0.0019009161   1938539
250   0.0001315596   0.0017189443   1938399
251   0.0001312259   0.0012072597   1938274
252   0.0001308634   0.0022160365   1938145
253   0.0001307422   0.0025077089   1938024
254   0.0001307888   0.0018179538   1937893
255   0.0001307298   0.0036712341   1937768
256   0.0001305315   0.0025051067   1937642
257   0.0001302866   0.0023091482   1937511
258   0.0001302591   0.0020016724   1937380
259   0.0001301955   0.0028437320   1937243
260   0.0001302052   0.0033725481   1937111
261   0.0001299202   0.0026887119   1936987
262   0.0001297434   0.0021328280   1936865
263   0.0001295806   0.0021231620   1936734
264   0.0001295717   0.0025730795   1936590
265   0.0001294909   0.0026476188   1936457
266   0.0001294339   0.0024432794   1936332
267   0.0001292100   0.0024847524   1936209
268   0.0001290076   0.0024549567   1936083
269   0.0001288356   0.0016524170   1935952
270   0.0001288448   0.0026603727   1935819
271   0.0001286111   0.0016350860   1935678
272   0.0001285085   0.0015034618   1935533
273   0.0001284946   0.0014038391   1935407
274   0.0001282477   0.0012959399   1935275
275   0.0001278997   0.0018897711   1935155
276   0.0001276175   0.0024376782   1935038
277   0.0001275372   0.0015814615   1934919
278   0.0001275973   0.0011841109   1934785
279   0.0001274930   0.0023254804   1934654
280   0.0001275701   0.0030064197   1934527
281   0.0001277343   0.0016594456   1934381
282   0.0001275752   0.0024174707   1934253
283   0.0001278188   0.0020665676   1934125
284   0.0001278576   0.0020496359   1934002
285   0.0001277966   0.0033807909   1933867
286   0.0001278894   0.0027562940   1933756
287   0.0001278092   0.0023060111   1933642
288   0.0001278501   0.0027457793   1933513
289   0.0001276800   0.0023983668   1933399
290   0.0001275129   0.0021088567   1933275
291   0.0001273173   0.0021995201   1933149
292   0.0001272756   0.0022850149   1933029
293   0.0001273164   0.0017735028   1932898
294   0.0001271879   0.0024032890   1932768
295   0.0001272939   0.0023817248   1932633
296   0.0001272742   0.0021428213   1932499
297   0.0001271492   0.0027241230   1932365
298   0.0001270863   0.0022026432   1932224
299   0.0001267171   0.0029175675   1932089
300   0.0001267782   0.0039830161   1931953
301   0.0001266573   0.0030815756   1931804
302   0.0001269052   0.0025428590   1931684
303   0.0001270819   0.0023520020   1931546
304   0.0001269835   0.0029724152   1931426
305   0.0001269019   0.0024092530   1931304
306   0.0001269541   0.0035418686   1931184
307   0.0001271958   0.0027590964   1931067
308   0.0001272827   0.0034858544   1930947
309   0.0001275164   0.0025859332   1930831
310   0.0001275760   0.0030004522   1930709
311   0.0001276754   0.0017880470   1930598
312   0.0001276021   0.0026522039   1930470
313   0.0001275851   0.0018727251   1930342
314   0.0001275110   0.0018329574   1930214
315   0.0001274002   0.0028490973   1930085
316   0.0001275132   0.0025477252   1929957
317   0.0001273448   0.0015130906   1929825
318   0.0001273197   0.0023019110   1929701
319   0.0001272214   0.0026399541   1929579
320   0.0001272233   0.0025431986   1929460
321   0.0001272302   0.0015549367   1929339
322   0.0001272668   0.0012476610   1929210
323   0.0001271729   0.0021004766   1929086
324   0.0001270493   0.0022955268   1928969
325   0.0001270052   0.0023158973   1928842
326   0.0001267686   0.0014154450   1928722
327   0.0001267678   0.0012060612   1928592
328   0.0001265682   0.0016494916   1928473
329   0.0001264594   0.0024980138   1928332
330   0.0001264838   0.0031697726   1928214
331   0.0001265390   0.0030206169   1928083
332   0.0001265310   0.0030218642   1927949
333   0.0001264986   0.0026475405   1927827
334   0.0001265661   0.0019572466   1927708
335   0.0001263909   0.0021062549   1927592
336   0.0001263341   0.0024545040   1927477
337   0.0001263262   0.0021781021   1927366
338   0.0001263434   0.0029010278   1927248
339   0.0001264931   0.0021202437   1927137
340   0.0001268306   0.0033180904   1927012
341   0.0001268984   0.0026706275   1926888
342   0.0001267635   0.0025301556   1926759
343   0.0001266629   0.0019329068   1926632
344   0.0001264158   0.0025164702   1926508
345   0.0001263752   0.0031883438   1926392
346   0.0001262419   0.0022509766   1926275
347   0.0001261868   0.0024437248   1926158
348   0.0001262041   0.0023878120   1926031
349   0.0001261999   0.0023858851   1925910
350   0.0001260604   0.0028627361   1925780
351   0.0001261409   0.0031158601   1925632
352   0.0001262884   0.0031087851   1925511
353   0.0001263790   0.0031754952   1925369
354   0.0001263688   0.0022158414   1925228
355   0.0001262259   0.0024014337   1925100
356   0.0001258330   0.0019143235   1924962
357   0.0001257943   0.0019669208   1924836
358   0.0001259203   0.0020834394   1924702
359   0.0001256587   0.0024597677   1924572
360   0.0001256257   0.0054582027   1924443
361   0.0001255885   0.0020797184   1924299
362   0.0001254585   0.0015622320   1924170
363   0.0001254727   0.0019485093   1924035
364   0.0001252297   0.0019413640   1923905
365   0.0001250286   0.0019097778   1923784
366   0.0001248357   0.0012762111   1923663
367   0.0001247190   0.0010163574   1923536
368   0.0001245544   0.0013002955   1923409
369   0.0001245777   0.0007372852   1923272
370   0.0001242073   0.0015240621   1923150
371   0.0001240636   0.0010961867   1923030
372   0.0001239878   0.0010151265   1922913
373   0.0001238722   0.0013886173   1922776
374   0.0001236931   0.0019868400   1922651
375   0.0001237798   0.0027911022   1922538
376   0.0001235375   0.0022736943   1922422
377   0.0001236030   0.0017749515   1922306
378   0.0001236451   0.0013411834   1922183
379   0.0001235768   0.0016664403   1922061
380   0.0001235079   0.0031088266   1921947
381   0.0001234800   0.0027130349   1921833
382   0.0001235620   0.0022901383   1921718
383   0.0001234113   0.0024282000   1921588
384   0.0001233637   0.0020770588   1921467
385   0.0001234347   0.0029323224   1921344
386   0.0001235443   0.0020086248   1921215
387   0.0001235479   0.0018140667   1921098
388   0.0001233652   0.0019562830   1920990
389   0.0001233539   0.0020391876   1920863
390   0.0001233123   0.0025214135   1920748
391   0.0001229698   0.0020055898   1920632
392   0.0001228304   0.0019401188   1920501
393   0.0001228078   0.0015085580   1920377
394   0.0001227704   0.0014591865   1920248
395   0.0001227499   0.0018227970   1920126
396   0.0001226488   0.0027525956   1920006
397   0.0001228729   0.0020235534   1919890
398   0.0001226907   0.0017043664   1919775
399   0.0001226920   0.0025905737   1919652
400   0.0001229015   0.0031622423   1919524
401   0.0001230615   0.0021428504   1919406
402   0.0001228007   0.0015568281   1919287
403   0.0001225309   0.0017085555   1919165
404   0.0001222315   0.0008837734   1919044
405   0.0001219464   0.0023648670   1918924
406   0.0001218953   0.0011449811   1918809
407   0.0001219164   0.0012644077   1918685
408   0.0001221194   0.0021161627   1918567
409   0.0001221373   0.0015319691   1918446
410   0.0001220304   0.0025438767   1918332
411   0.0001219513   0.0026451965   1918194
412   0.0001218750   0.0025410880   1918076
413   0.0001219354   0.0024797335   1917948
414   0.0001220449   0.0024042836   1917827
415   0.0001220107   0.0024842207   1917704
416   0.0001222556   0.0027628631   1917576
417   0.0001220288   0.0012401862   1917454
418   0.0001219470   0.0019036949   1917324
419   0.0001217948   0.0019319781   1917206
420   0.0001215523   0.0038929199   1917070
421   0.0001214822   0.0027241389   1916936
422   0.0001215251   0.0023862464   1916818
423   0.0001214073   0.0026681414   1916690
424   0.0001215246   0.0023562964   1916567
425   0.0001217789   0.0026079443   1916452
426   0.0001216426   0.0025313893   1916339
427   0.0001218040   0.0026239172   1916219
428   0.0001217839   0.0017212063   1916098
429   0.0001217180   0.0022964641   1915989
430   0.0001214598   0.0026217977   1915861
431   0.0001216086   0.0020796141   1915740
432   0.0001216007   0.0026576169   1915626
433   0.0001216734   0.0025695815   1915487
434   0.0001219017   0.0028511701   1915354
435   0.0001220689   0.0036987628   1915235
436   0.0001221008   0.0028181075   1915115
437   0.0001220225   0.0025634572   1914992
438   0.0001222153   0.0027510992   1914871
439   0.0001219866   0.0018733457   1914756
440   0.0001221279   0.0033432029   1914631
441   0.0001224282   0.0028372780   1914511
442   0.0001224358   0.0026029220   1914387
443   0.0001222986   0.0021334537   1914267
444   0.0001223224   0.0021038092   1914147
445   0.0001223583   0.0023980991   1914016
446   0.0001222632   0.0019807826   1913890
447   0.0001221533   0.0021684912   1913773
448   0.0001221536   0.0027789840   1913649
449   0.0001224460   0.0025649119   1913516
450   0.0001224547   0.0030876828   1913409
451   0.0001224126   0.0034359520   1913298
452   0.0001223073   0.0031696019   1913174
453   0.0001224761   0.0028472753   1913057
454   0.0001224805   0.0024648014   1912933
455   0.0001224426   0.0034755024   1912817
456   0.0001225399   0.0034720498   1912703
457   0.0001224575   0.0020631881   1912574
458   0.0001221188   0.0020016105   1912460
459   0.0001218585   0.0026057041   1912343
460   0.0001218687   0.0029546609   1912233
461   0.0001217305   0.0022315650   1912111
462   0.0001217428   0.0027557647   1911992
463   0.0001217289   0.0017333851   1911866
464   0.0001215135   0.0012956688   1911754
465   0.0001212735   0.0026066610   1911641
466   0.0001211646   0.0011953832   1911521
467   0.0001209992   0.0010259517   1911396
468   0.0001208591   0.0026809315   1911276
469   0.0001207356   0.0017580964   1911158
470   0.0001207893   0.0020036242   1911037
471   0.0001207629   0.0019383232   1910930
472   0.0001206304   0.0019934069   1910799
473   0.0001206359   0.0010399439   1910680
474   0.0001203444   0.0017544530   1910567
475   0.0001201192   0.0011300991   1910452
476   0.0001198698   0.0008124204   1910341
477   0.0001195699   0.0014066398   1910226
478   0.0001194478   0.0007716845   1910107
479   0.0001194612   0.0011345645   1909984
480   0.0001194256   0.0047899225   1909843
481   0.0001195741   0.0017992110   1909726
482   0.0001194998   0.0015505711   1909619
483   0.0001193427   0.0020272333   1909499
484   0.0001191026   0.0019608572   1909369
485   0.0001188428   0.0021537343   1909242
486   0.0001189002   0.0029741374   1909125
487   0.0001188851   0.0023530410   1909019
488   0.0001190277   0.0020509151   1908904
489   0.0001189119   0.0018283940   1908779
490   0.0001190344   0.0028213481   1908662
491   0.0001191043   0.0029106094   1908535
492   0.0001193034   0.0029427592   1908413
493   0.0001192493   0.0025059321   1908272
494   0.0001192578   0.0028771398   1908145
495   0.0001192977   0.0031771072   1908025
496   0.0001194751   0.0021688802   1907897
497   0.0001193911   0.0019284225   1907777
498   0.0001192672   0.0021251244   1907653
499   0.0001193580   0.0023664172   1907525
500   0.0001192778   0.0032038461   1907395
501   0.0001194286   0.0021313197   1907269
502   0.0001194343   0.0026337812   1907144
503   0.0001195670   0.0027723752   1907029
504   0.0001196883   0.0026739440   1906921
505   0.0001198767   0.0029714705   1906800
506   0.0001199949   0.0031043685   1906668
507   0.0001199154   0.0029681933   1906547
508   0.0001200501   0.0025833626   1906430
509   0.0001199223   0.0030351656   1906321
510   0.0001201797   0.0036239563   1906204
511   0.0001202484   0.0019343344   1906082
512   0.0001200546   0.0019885097   1905950
513   0.0001197220   0.0025411674   1905817
514   0.0001199905   0.0021409490   1905697
515   0.0001201209   0.0027319780   1905579
516   0.0001203492   0.0023374958   1905458
517   0.0001205060   0.0023528733   1905330
518   0.0001205443   0.0020617096   1905215
519   0.0001206626   0.0021788837   1905104
520   0.0001207477   0.0037060854   1904975
521   0.0001209049   0.0019277200   1904841
522   0.0001208298   0.0017246521   1904732
523   0.0001210537   0.0018339674   1904614
524   0.0001210325   0.0022588808   1904483
525   0.0001210326   0.0034085067   1904353
526   0.0001213341   0.0029255751   1904241
527   0.0001214439   0.0021001772   1904125
528   0.0001214656   0.0029133312   1904006
529   0.0001215139   0.0021193518   1903884
530   0.0001213756   0.0023684658   1903764
531   0.0001215756   0.0018748204   1903649
532   0.0001216411   0.0021838454   1903523
533   0.0001213532   0.0018535204   1903405
534   0.0001212523   0.0019702777   1903285
535   0.0001211782   0.0018984096   1903172
536   0.0001212377   0.0025800661   1903052
537   0.0001208988   0.0013279473   1902937
538   0.0001205699   0.0018830007   1902814
539   0.0001203844   0.0018710224   1902703
540   0.0001202878   0.0029034457   1902567
541   0.0001203744   0.0013897912   1902444
542   0.0001205235   0.0011391408   1902311
543   0.0001203162   0.0010677178   1902188
544   0.0001204911   0.0013264573   1902059
545   0.0001203737   0.0015379074   1901935
546   0.0001204729   0.0016442179   1901816
547   0.0001205523   0.0013992898   1901679
548   0.0001205090   0.0021224757   1901553
549   0.0001206067   0.0012495858   1901430
550   0.0001207673   0.0022726400   1901313
551   0.0001208506   0.0016374007   1901184
552   0.0001209245   0.0014565604   1901054
553   0.0001208760   0.0014145782   1900920
554   0.0001209856   0.0015151499   1900802
555   0.0001209826   0.0025669693   1900685
556   0.0001208824   0.0018804944   1900564
557   0.0001211175   0.0017038142   1900442
558   0.0001211714   0.0020480772   1900319
559   0.0001212653   0.0020571584   1900194
560   0.0001214462   0.0022672801   1900074
561   0.0001215964   0.0024311217   1899946
562   0.0001215602   0.0016738454   1899817
563   0.0001217809   0.0015618362   1899687
564   0.0001217783   0.0005848677   1899575
565   0.0001216926   0.0008170786   1899450
566   0.0001217479   0.0015973995   1899337
567   0.0001218470   0.0011825914   1899219
568   0.0001217754   0.0013643377   1899090
569   0.0001217991   0.0013417920   1898953
570   0.0001218398   0.0025942222   1898835
571   0.0001218263   0.0010707236   1898716
572   0.0001216708   0.0019261744   1898582
573   0.0001215901   0.0017124415   1898459
574   0.0001217035   0.0018721640   1898338
575   0.0001217416   0.0016968618   1898210
576   0.0001216783   0.0020478621   1898077
577   0.0001215562   0.0021955406   1897938
578   0.0001214287   0.0022721129   1897793
579   0.0001212963   0.0011556399   1897650
580   0.0001209623   0.0024779686   1897522
581   0.0001209908   0.0016701855   1897394
582   0.0001207314   0.0021088306   1897260
583   0.0001205137   0.0022692315   1897118
584   0.0001204173   0.0025941110   1896989
585   0.0001202018   0.0029564509   1896869
586   0.0001201206   0.0016923873   1896729
587   0.0001201271   0.0019250258   1896598
588   0.0001199932   0.0014764350   1896460
589   0.0001200304   0.0025734175   1896311
590   0.0001202186   0.0025546233   1896170
591   0.0001203373   0.0014736108   1896023
592   0.0001203127   0.0017237460   1895871
593   0.0001202241   0.0017993031   1895734
594   0.0001202265   0.0022673656   1895592
595   0.0001202475   0.0018607728   1895449
596   0.0001202052   0.0012873782   1895325
597   0.0001203488   0.0019011126   1895206
598   0.0001204507   0.0018162889   1895073
599   0.0001204750   0.0011799796   1894948
600   0.0001204663   0.0042600128   1894830
601   0.0001205864   0.0019206034   1894717
602   0.0001208342   0.0020394591   1894620
603   0.0001206357   0.0008598511   1894514
604   0.0001207511   0.0003900951   1894410
605   0.0001207636   0.0011244247   1894302
606   0.0001207565   0.0012390547   1894186
607   0.0001206200   0.0019735206   1894077
608   0.0001205667   0.0023622475   1893959
609   0.0001208901   0.0024215389   1893837
610   0.0001210781   0.0022363414   1893718
611   0.0001212944   0.0028812874   1893598
612   0.0001213799   0.0026807740   1893483
613   0.0001215245   0.0018586016   1893359
614   0.0001215786   0.0016865197   1893248
615   0.0001216309   0.0019945699   1893140
616   0.0001216637   0.0025049814   1893028
617   0.0001217061   0.0027396681   1892930
618   0.0001219455   0.0018839575   1892824
619   0.0001221656   0.0021165464   1892706
620   0.0001223849   0.0020057128   1892594
621   0.0001223012   0.0017104459   1892489
622   0.0001221665   0.0017554660   1892375
623   0.0001222839   0.0022058314   1892257
624   0.0001224274   0.0018798691   1892153
625   0.0001224764   0.0014561026   1892037
626   0.0001225524   0.0010729750   1891936
627   0.0001223975   0.0017099863   1891828
628   0.0001223391   0.0015129209   1891705
629   0.0001223824   0.0020807870   1891592
630   0.0001223618   0.0024594549   1891476
631   0.0001223266   0.0021476655   1891356
632   0.0001224176   0.0025512349   1891241
633   0.0001226519   0.0023895753   1891131
634   0.0001228667   0.0018424007   1891011
635   0.0001229495   0.0021307483   1890885
636   0.0001229711   0.0023731010   1890775
637   0.0001229764   0.0019919012   1890656
638   0.0001231597   0.0026093060   1890541
639   0.0001234585   0.0020074745   1890435
640   0.0001235924   0.0030301764   1890319
641   0.0001236579   0.0027864644   1890209
642   0.0001238039   0.0030607186   1890079
643   0.0001237951   0.0032693520   1889977
644   0.0001238775   0.0029589493   1889860
645   0.0001240317   0.0027760491   1889736
646   0.0001239468   0.0015945047   1889615
647   0.0001238204   0.0015220950   1889501
648   0.0001236645   0.0018619865   1889380
649   0.0001236659   0.0021638148   1889256
650   0.0001239564   0.0027520444   1889141
651   0.0001236218   0.0021365553   1889022
652   0.0001237264   0.0020588648   1888905
653   0.0001237730   0.0015962685   1888780
654   0.0001238510   0.0013951720   1888656
655   0.0001239846   0.0020767497   1888528
656   0.0001239821   0.0024872816   1888407
657   0.0001240648   0.0019297842   1888294
658   0.0001241266   0.0023371910   1888164
659   0.0001240640   0.0017160517   1888055
660   0.0001239357   0.0028952283   1887934
661   0.0001238997   0.0017655472   1887800
662   0.0001239083   0.0017386357   1887687
663   0.0001237860   0.0017917254   1887566
664   0.0001235497   0.0023020587   1887441
665   0.0001234039   0.0021464276   1887322
666   0.0001233919   0.0029652442   1887197
667   0.0001234976   0.0025155186   1887086
668   0.0001236259   0.0022565253   1886972
669   0.0001236711   0.0031523672   1886836
670   0.0001238972   0.0022541718   1886724
671   0.0001240254   0.0024090932   1886602
672   0.0001241254   0.0012865217   1886482
673   0.0001241117   0.0016905575   1886360
674   0.0001239869   0.0018640228   1886243
675   0.0001241516   0.0023773660   1886121
676   0.0001240110   0.0018860081   1885994
677   0.0001238441   0.0014014782   1885866
678   0.0001236934   0.0019758811   1885741
679   0.0001237033   0.0016079600   1885619
680   0.0001236155   0.0026465072   1885504
681   0.0001235635   0.0021762006   1885396
682   0.0001236191   0.0010231853   1885289
683   0.0001235730   0.0012412647   1885174
684   0.0001234294   0.0014286048   1885056
685   0.0001234016   0.0016775070   1884940
686   0.0001232570   0.0017333110   1884832
687   0.0001232475   0.0019923437   1884715
688   0.0001233939   0.0025119215   1884613
689   0.0001236207   0.0027343964   1884511
690   0.0001236725   0.0029929776   1884411
691   0.0001237959   0.0014817244   1884291
692   0.0001238521   0.0011511584   1884189
693   0.0001238241   0.0020254014   1884071
694   0.0001237331   0.0026900883   1883953
695   0.0001236915   0.0025665702   1883837
696   0.0001236909   0.0024600233   1883722
697   0.0001236439   0.0017827451   1883612
698   0.0001235663   0.0017552448   1883498
699   0.0001234795   0.0014319870   1883397
700   0.0001231791   0.0011894104   1883286
701   0.0001231818   0.0012755095   1883169
702   0.0001231392   0.0018092872   1883062
703   0.0001230188   0.0013409916   1882935
704   0.0001228268   0.0021191516   1882829
705   0.0001228853   0.0023030509   1882720
706   0.0001228512   0.0012084262   1882614
707   0.0001227391   0.0013705157   1882503
708   0.0001225892   0.0004956489   1882381
709   0.0001225600   0.0006439034   1882270
710   0.0001226619   0.0008729342   1882158
711   0.0001226013   0.0016923207   1882031
712   0.0001227483   0.0016770080   1881923
713   0.0001227485   0.0020246486   1881808
714   0.0001228993   0.0017112140   1881705
715   0.0001229494   0.0021423359   1881591
716   0.0001228688   0.0024645466   1881482
717   0.0001227704   0.0012421799   1881370
718   0.0001227473   0.0012135580   1881245
719   0.0001228541   0.0023055487   1881114
720   0.0001229422   0.0048352095   1880994
721   0.0001231055   0.0029624557   1880872
722   0.0001233592   0.0023533052   1880759
723   0.0001233459   0.0018211721   1880657
724   0.0001233976   0.0023216637   1880548
725   0.0001235779   0.0023702013   1880431
726   0.0001236579   0.0015832412   1880320
727   0.0001236462   0.0021114730   1880204
728   0.0001237373   0.0020983105   1880084
729   0.0001237469   0.0012000166   1879974
730   0.0001234427   0.0020437736   1879856
731   0.0001233694   0.0018667465   1879741
732   0.0001234366   0.0017131122   1879620
733   0.0001235522   0.0012955635   1879491
734   0.0001236306   0.0016452234   1879380
735   0.0001236015   0.0021146453   1879275
736   0.0001237758   0.0022967660   1879164
737   0.0001239410   0.0017109719   1879049
738   0.0001237914   0.0017861201   1878933
739   0.0001239295   0.0019240821   1878818
740   0.0001241911   0.0027928753   1878709
741   0.0001242639   0.0020680503   1878581
742   0.0001245378   0.0015512625   1878470
743   0.0001246942   0.0009082396   1878359
744   0.0001244790   0.0018330991   1878240
745   0.0001245454   0.0015701872   1878120
746   0.0001244622   0.0013189528   1878005
747   0.0001243488   0.0017588880   1877891
748   0.0001242651   0.0020470938   1877784
749   0.0001240878   0.0021569193   1877678
750   0.0001240448   0.0026172322   1877556
751   0.0001242273   0.0013720797   1877442
752   0.0001241918   0.0018670063   1877337
753   0.0001241874   0.0009583289   1877226
754   0.0001242365   0.0011938616   1877102
755   0.0001241371   0.0019121101   1876984
756   0.0001242820   0.0013415882   1876880
757   0.0001244951   0.0016448385   1876780
758   0.0001247244   0.0019518636   1876668
759   0.0001249510   0.0021709984   1876556
760   0.0001252142   0.0026539745   1876431
761   0.0001251676   0.0016617643   1876319
762   0.0001251232   0.0023558130   1876210
763   0.0001250130   0.0015729531   1876089
764   0.0001249687   0.0017244403   1875971
765   0.0001252306   0.0024703534   1875845
766   0.0001254708   0.0017859751   1875726
767   0.0001254561   0.0020990628   1875599
768   0.0001253280   0.0019211113   1875477
769   0.0001252753   0.0010339315   1875366
770   0.0001254389   0.0014147417   1875254
771   0.0001252733   0.0012105724   1875146
772   0.0001252931   0.0014223643   1875047
773   0.0001255466   0.0013088419   1874940
774   0.0001255882   0.0018353674   1874829
775   0.0001254558   0.0013842141   1874710
776   0.0001255350   0.0017502438   1874596
777   0.0001251963   0.0015364212   1874486
778   0.0001252496   0.0011171754   1874370
779   0.0001251982   0.0010991028   1874256
780   0.0001251835   0.0016476812   1874149
781   0.0001249724   0.0013334792   1874045
782   0.0001250243   0.0012919359   1873932
783   0.0001250575   0.0017648450   1873819
784   0.0001248823   0.0022778411   1873704
785   0.0001249430   0.0021904624   1873577
786   0.0001250118   0.0013547177   1873453
787   0.0001250057   0.0015902045   1873344
788   0.0001250184   0.0014461698   1873224
789   0.0001251507   0.0009070433   1873119
790   0.0001251212   0.0014105668   1873006
791   0.0001251250   0.0014677749   1872903
792   0.0001252814   0.0021903162   1872789
793   0.0001253391   0.0018422854   1872674
794   0.0001251221   0.0010317498   1872547
795   0.0001250125   0.0018526757   1872427
796   0.0001250639   0.0011889057   1872310
797   0.0001251575   0.0015366964   1872198
798   0.0001252146   0.0019208478   1872090
799   0.0001255364   0.0013825030   1871967
800   0.0001256890   0.0014755409   1871856
801   0.0001256288   0.0016626285   1871735
802   0.0001256235   0.0011893402   1871626
803   0.0001254868   0.0011578867   1871513
804   0.0001256107   0.0009345919   1871405
805   0.0001256154   0.0004836202   1871303
806   0.0001256725   0.0014728587   1871191
807   0.0001257294   0.0005013134   1871085
808   0.0001255937   0.0007381194   1870971
809   0.0001257274   0.0005275688   1870846
810   0.0001256239   0.0019291872   1870736
811   0.0001255687   0.0007505481   1870633
812   0.0001255964   0.0009409168   1870516
813   0.0001254951   0.0006699070   1870409
814   0.0001253450   0.0005721026   1870294
815   0.0001253742   0.0010100648   1870177
816   0.0001252511   0.0014443341   1870066
817   0.0001254125   0.0015128747   1869950
818   0.0001252689   0.0014536003   1869840
819   0.0001252356   0.0012739780   1869734
820   0.0001249554   0.0021255633   1869622
821   0.0001248946   0.0015843758   1869506
822   0.0001249313   0.0016411736   1869394
823   0.0001252446   0.0006879625   1869288
824   0.0001250507   0.0010715958   1869175
825   0.0001250085   0.0023278982   1869068
826   0.0001251293   0.0015805616   1868956
827   0.0001252942   0.0011921879   1868833
828   0.0001251609   0.0009487834   1868709
829   0.0001250731   0.0012062610   1868584
830   0.0001250936   0.0012058007   1868468
831   0.0001250934   0.0010089105   1868352
832   0.0001250506   0.0015624481   1868222
833   0.0001249704   0.0011471598   1868092
834   0.0001248529   0.0013431700   1867969
835   0.0001248373   0.0013748391   1867855
836   0.0001249627   0.0026968350   1867745
837   0.0001249987   0.0017696300   1867622
838   0.0001249410   0.0018511399   1867498
839   0.0001249697   0.0017323839   1867369
840   0.0001253093   0.0051567952   1867245
841   0.0001256790   0.0019168621   1867114
842   0.0001257354   0.0018061080   1866998
843   0.0001254851   0.0010573831   1866873
844   0.0001254690   0.0011753053   1866749
845   0.0001255283   0.0020936047   1866637
846   0.0001255410   0.0017979984   1866520
847   0.0001256137   0.0022181764   1866398
848   0.0001257211   0.0022418990   1866275
849   0.0001258539   0.0018358613   1866154
850   0.0001259087   0.0030353096   1866037
851   0.0001260587   0.0020804739   1865921
852   0.0001261847   0.0020720290   1865804
853   0.0001263832   0.0017409081   1865693
854   0.0001264578   0.0018407164   1865578
855   0.0001264092   0.0024578125   1865480
856   0.0001265840   0.0025158548   1865370
857   0.0001265683   0.0017975998   1865265
858   0.0001267707   0.0024748481   1865165
859   0.0001269727   0.0020460457   1865061
860   0.0001270078   0.0018140004   1864939
861   0.0001270575   0.0019363664   1864833
862   0.0001271904   0.0012162736   1864712
863   0.0001271702   0.0012533634   1864583
864   0.0001271675   0.0012566688   1864453
865   0.0001271139   0.0017282274   1864338
866   0.0001268934   0.0017052626   1864229
867   0.0001267525   0.0012917568   1864128
868   0.0001267403   0.0019077182   1864007
869   0.0001269069   0.0017822978   1863886
870   0.0001269740   0.0024718874   1863758
871   0.0001270811   0.0019295531   1863644
872   0.0001269252   0.0017263001   1863523
873   0.0001269585   0.0018739908   1863403
874   0.0001267860   0.0018569325   1863288
875   0.0001268625   0.0019815776   1863162
876   0.0001268335   0.0016059722   1863046
877   0.0001268097   0.0021154734   1862940
878   0.0001268692   0.0019148388   1862820
879   0.0001269937   0.0010715605   1862704
880   0.0001269479   0.0028707507   1862579
881   0.0001270595   0.0023866272   1862461
882   0.0001269872   0.0017102168   1862337
883   0.0001269220   0.0021957793   1862209
884   0.0001268313   0.0025702426   1862081
885   0.0001267799   0.0013936912   1861962
886   0.0001266627   0.0014211824   1861830
887   0.0001266549   0.0009502048   1861704
888   0.0001265685   0.0017845152   1861570
889   0.0001266120   0.0020382015   1861445
890   0.0001269614   0.0025508792   1861319
891   0.0001270600   0.0019261922   1861185
892   0.0001271582   0.0020112032   1861075
893   0.0001271356   0.0021365374   1860955
894   0.0001270899   0.0016986897   1860846
895   0.0001271003   0.0020857439   1860727
896   0.0001271384   0.0022175583   1860605
897   0.0001273686   0.0027976471   1860492
898   0.0001275009   0.0023323292   1860372
899   0.0001275996   0.0015626999   1860242
900   0.0001275644   0.0025858672   1860111
901   0.0001274576   0.0018876557   1859979
902   0.0001274833   0.0018877795   1859857
903   0.0001276643   0.0019868465   1859731
904   0.0001276886   0.0015051462   1859620
905   0.0001275506   0.0008685074   1859512
906   0.0001272629   0.0012251310   1859393
907   0.0001272696   0.0006943608   1859264
908   0.0001272004   0.0008912632   1859159
909   0.0001272878   0.0012049197   1859045
910   0.0001271553   0.0011355940   1858939
911   0.0001271706   0.0007660745   1858827
912   0.0001270414   0.0009969274   1858711
913   0.0001271980   0.0016012000   1858606
914   0.0001274086   0.0018402046   1858489
915   0.0001273362   0.0016756629   1858369
916   0.0001272924   0.0016300160   1858264
917   0.0001273204   0.0019535486   1858157
918   0.0001276437   0.0015139601   1858041
919   0.0001278121   0.0007002375   1857941
920   0.0001277124   0.0016890583   1857840
921   0.0001277921   0.0009743000   1857744
922   0.0001276557   0.0006895843   1857641
923   0.0001275460   0.0016936360   1857542
924   0.0001275581   0.0015397570   1857436
925   0.0001274531   0.0010886607   1857328
926   0.0001274051   0.0008706575   1857217
927   0.0001273014   0.0004722406   1857104
928   0.0001273095   0.0013037185   1856996
929   0.0001272128   0.0021212945   1856885
930   0.0001272949   0.0022765413   1856764
931   0.0001275312   0.0020294704   1856642
932   0.0001274346   0.0017656643   1856525
933   0.0001273003   0.0017857056   1856409
934   0.0001273912   0.0007100180   1856291
935   0.0001273390   0.0021555056   1856177
936   0.0001275002   0.0019972404   1856061
937   0.0001275208   0.0012209407   1855946
938   0.0001275953   0.0024409484   1855836
939   0.0001277409   0.0011666631   1855720
940   0.0001277740   0.0023345423   1855610
941   0.0001278228   0.0015063366   1855495
942   0.0001277775   0.0019575399   1855390
943   0.0001278295   0.0021905073   1855278
944   0.0001279197   0.0021432171   1855155
945   0.0001280509   0.0028764971   1855034
946   0.0001280291   0.0026146892   1854905
947   0.0001281421   0.0023727715   1854793
948   0.0001281046   0.0027767533   1854684
949   0.0001281050   0.0025509929   1854572
950   0.0001279768   0.0022734442   1854455
951   0.0001282904   0.0026586178   1854347
952   0.0001284195   0.0020331846   1854234
953   0.0001285833   0.0022334069   1854118
954   0.0001287171   0.0020684961   1854004
955   0.0001287322   0.0022185711   1853896
956   0.0001287428   0.0030963694   1853784
957   0.0001287470   0.0021729760   1853679
958   0.0001288041   0.0019751128   1853565
959   0.0001289827   0.0026750129   1853449
960   0.0001290671   0.0054425975   1853343
961   0.0001293295   0.0024513877   1853236
962   0.0001293057   0.0030742698   1853123
963   0.0001294866   0.0023550960   1853003
964   0.0001294720   0.0019374919   1852911
965   0.0001294673   0.0014890912   1852808
966   0.0001293313   0.0019614638   1852698
967   0.0001291671   0.0018266280   1852594
968   0.0001290988   0.0023811053   1852501
969   0.0001293234   0.0015455659   1852396
970   0.0001293594   0.0012778832   1852282
971   0.0001295678   0.0008309155   1852174
972   0.0001297116   0.0015728407   1852063
973   0.0001298984   0.0015416058   1851965
974   0.0001300342   0.0006960614   1851848
975   0.0001300970   0.0022848792   1851739
976   0.0001300060   0.0016191105   1851634
977   0.0001301918   0.0013302569   1851522
978   0.0001302617   0.0016403714   1851410
979   0.0001303101   0.0017722633   1851305
980   0.0001302582   0.0021580573   1851202
981   0.0001300875   0.0017530060   1851106
982   0.0001301484   0.0014343668   1850991
983   0.0001300916   0.0017370069   1850885
984   0.0001300751   0.0022120559   1850767
985   0.0001302095   0.0024958758   1850653
986   0.0001303367   0.0019853600   1850546
987   0.0001301722   0.0016261050   1850434
988   0.0001300105   0.0020055871   1850331
989   0.0001299141   0.0007155925   1850215
990   0.0001300184   0.0025333629   1850110
991   0.0001304939   0.0017156720   1850004
992   0.0001308691   0.0014633271   1849894
993   0.0001311734   0.0016142277   1849801
994   0.0001316149   0.0006536202   1849698
995   0.0001316382   0.0010872656   1849594
996   0.0001316637   0.0017653582   1849483
997   0.0001316456   0.0014080395   1849380
998   0.0001312679   0.0009603748   1849278
999   0.0001312268   0.0009150071   1849166
1000   0.0001313638   0.0021383838   1849060
