0   0.0000000000   1.0000000000   2456068
1   0.0001099304   0.1692216609   2455909
2   0.0001126172   0.0680307178   2455773
3   0.0001071023   0.0412563161   2455624
4   0.0001037990   0.0330111551   2455473
5   0.0001027512   0.0284781153   2455324
6   0.0001033989   0.0239670344   2455164
7   0.0001040357   0.0199820367   2455005
8   0.0001047877   0.0184866241   2454856
9   0.0001055310   0.0164997961   2454697
10   0.0001064471   0.0163191673   2454537
11   0.0001073470   0.0131353035   2454378
12   0.0001077169   0.0123325649   2454234
13   0.0001083019   0.0096871293   2454081
14   0.0001084304   0.0100911517   2453932
15   0.0001087987   0.0105657308   2453782
16   0.0001092728   0.0095193807   2453626
17   0.0001094966   0.0079434207   2453477
18   0.0001098054   0.0076328690   2453337
19   0.0001098791   0.0057035987   2453188
20   0.0001097959   0.0080215016   2453032
21   0.0001101385   0.0069652901   2452877
22   0.0001104587   0.0057124289   2452722
23   0.0001106231   0.0057331650   2452572
24   0.0001108941   0.0055875444   2452419
25   0.0001111969   0.0061220753   2452273
26   0.0001116006   0.0053109038   2452125
27   0.0001116530   0.0044372376   2451976
28   0.0001118150   0.0049444761   2451827
29   0.0001116971   0.0047820368   2451675
30   0.0001117213   0.0059448856   2451519
31   0.0001119415   0.0034181012   2451361
32   0.0001118332   0.0033991362   2451211
33   0.0001121388   0.0036808564   2451060
34   0.0001120529   0.0023366812   2450912
35   0.0001118290   0.0035899215   2450750
36   0.0001116160   0.0023761644   2450588
37   0.0001113397   0.0023314047   2450454
38   0.0001113250   0.0022980813   2450305
39   0.0001113946   0.0025659601   2450155
40   0.0001114661   0.0032306096   2450002
41   0.0001114625   0.0019115425   2449854
42   0.0001111659   0.0021671935   2449712
43   0.0001110861   0.0023706260   2449564
44   0.0001110795   0.0019951727   2449412
45   0.0001110413   0.0021308512   2449256
46   0.0001110278   0.0013274188   2449114
47   0.0001108245   0.0012940224   2448953
48   0.0001105879   0.0017984253   2448809
49   0.0001105934   0.0014881706   2448644
50   0.0001105629   0.0020196047   2448499
51   0.0001107521   0.0009847472   2448344
52   0.0001104237   0.0008675762   2448200
53   0.0001103270   0.0017401541   2448059
54   0.0001101219   0.0014408298   2447895
55   0.0001101476   0.0016566302   2447740
56   0.0001102554   0.0021600884   2447585
57   0.0001100291   0.0014317112   2447421
58   0.0001098800   0.0007592189   2447252
59   0.0001094722   0.0014682746   2447090
60   0.0001095797   0.0022142076   2446925
61   0.0001098661   0.0013781474   2446763
62   0.0001097031   0.0010340843   2446609
63   0.0001094955   0.0009233742   2446462
64   0.0001091358   0.0003670823   2446318
65   0.0001087548   0.0005743677   2446168
66   0.0001086414   0.0007996697   2446010
67   0.0001086391   0.0005891576   2445865
68   0.0001086159   0.0008214363   2445716
69   0.0001082548   0.0002903211   2445568
70   0.0001079713   0.0011028780   2445420
71   0.0001080879   0.0009769858   2445276
72   0.0001082239   0.0011929924   2445112
73   0.0001083102   0.0004425427   2444962
74   0.0001081292   0.0002159675   2444812
75   0.0001077959   0.0021994879   2444660
76   0.0001079388   0.0004773949   2444517
77   0.0001077391   0.0005874724   2444370
78   0.0001076494   -0.0001223289   2444231
79   0.0001075186   0.0004967084   2444090
80   0.0001072356   0.0010384807   2443955
81   0.0001073309   0.0004431630   2443796
82   0.0001069846   0.0002414424   2443647
83   0.0001067890   0.0004665422   2443509
84   0.0001067191   0.0009057193   2443362
85   0.0001066477   0.0008660730   2443212
86   0.0001067042   0.0010486840   2443062
87   0.0001067605   0.0011195669   2442909
88   0.0001064856   0.0003463301   2442756
89   0.0001062724   0.0010259547   2442603
90   0.0001061489   0.0018997326   2442449
91   0.0001065316   0.0017606369   2442298
92   0.0001067552   0.0003660701   2442155
93   0.0001066268   0.0008169540   2441998
94   0.0001066473   0.0006155169   2441850
95   0.0001066031   0.0012151380   2441698
96   0.0001065915   0.0015133823   2441551
97   0.0001068148   0.0023949413   2441396
98   0.0001068722   0.0008241673   2441252
99   0.0001073052   0.0008737857   2441102
100   0.0001073033   0.0007493003   2440944
101   0.0001072589   -0.0000954612   2440783
102   0.0001070718   0.0001429960   2440627
103   0.0001068971   0.0009297367   2440476
104   0.0001070171   0.0013596555   2440324
105   0.0001071370   0.0013335136   2440170
106   0.0001071585   0.0006217157   2440022
107   0.0001073520   0.0004828132   2439867
108   0.0001072226   0.0004816134   2439716
109   0.0001074082   0.0001139553   2439554
110   0.0001072564   0.0002660490   2439400
111   0.0001074492   0.0008576505   2439222
112   0.0001075096   0.0018535708   2439076
113   0.0001075923   0.0009557486   2438926
114   0.0001076440   0.0011821480   2438781
115   0.0001077387   0.0012359363   2438637
116   0.0001075350   0.0005921700   2438489
117   0.0001074185   0.0013099124   2438331
118   0.0001072171   0.0000627521   2438164
119   0.0001074623   0.0010898237   2438009
120   0.0001076155   0.0016309460   2437849
121   0.0001079398   0.0011711888   2437694
122   0.0001079283   0.0005242995   2437538
123   0.0001078491   0.0004632040   2437371
124   0.0001080067   -0.0001550945   2437223
125   0.0001078506   0.0009622131   2437090
126   0.0001078038   0.0002667284   2436936
127   0.0001076559   0.0004153008   2436788
128   0.0001075874   0.0014577439   2436642
129   0.0001076992   0.0006923886   2436493
130   0.0001077089   0.0011242255   2436344
131   0.0001077169   -0.0003140143   2436195
132   0.0001075044   0.0000459763   2436039
133   0.0001071383   0.0004331069   2435888
134   0.0001073152   0.0013650893   2435738
135   0.0001076173   0.0013779115   2435570
136   0.0001076460   0.0010207718   2435412
137   0.0001074706   0.0010984471   2435256
138   0.0001075754   0.0010418382   2435119
139   0.0001076060   0.0001909667   2434979
140   0.0001076566   0.0012481323   2434838
141   0.0001079030   0.0009849303   2434690
142   0.0001078201   0.0008868136   2434559
143   0.0001077695   0.0011970071   2434405
144   0.0001077980   0.0008635071   2434259
145   0.0001079115   0.0010459684   2434108
146   0.0001079386   0.0007189941   2433956
147   0.0001078793   0.0003521247   2433797
148   0.0001080204   0.0004285749   2433647
149   0.0001079616   0.0000386275   2433497
150   0.0001079330   0.0006267122   2433334
151   0.0001081230   0.0005429109   2433180
152   0.0001083569   0.0010871218   2433030
153   0.0001084407   0.0008948239   2432881
154   0.0001084733   0.0004061286   2432727
155   0.0001085588   -0.0001923885   2432578
156   0.0001084244   0.0002725671   2432429
157   0.0001084389   -0.0003034210   2432264
158   0.0001084766   0.0001574768   2432104
159   0.0001083606   0.0004222963   2431942
160   0.0001086234   0.0001451603   2431795
161   0.0001084595   0.0008039845   2431639
162   0.0001086158   0.0004454065   2431487
163   0.0001087298   0.0006753469   2431343
164   0.0001088678   0.0010180204   2431189
165   0.0001090271   0.0006491046   2431041
166   0.0001089399   0.0009395751   2430886
167   0.0001092239   0.0007022561   2430737
168   0.0001091386   0.0008088584   2430586
169   0.0001092011   0.0006385688   2430435
170   0.0001094668   0.0009768378   2430291
171   0.0001096466   -0.0000415613   2430146
172   0.0001096664   0.0010411544   2429995
173   0.0001097165   0.0001284025   2429860
174   0.0001095069   -0.0002304806   2429706
175   0.0001093385   0.0002798866   2429555
176   0.0001093866   0.0001609450   2429401
177   0.0001094408   0.0005219720   2429249
178   0.0001094629   0.0012337933   2429094
179   0.0001094908   0.0013474986   2428945
180   0.0001095465   0.0012467139   2428785
181   0.0001095248   0.0007897470   2428626
182   0.0001092846   0.0011373449   2428463
183   0.0001090506   0.0004361042   2428319
184   0.0001091141   0.0009035648   2428160
185   0.0001090376   -0.0000341843   2428013
186   0.0001088829   0.0000531332   2427859
187   0.0001087010   0.0000671414   2427712
188   0.0001086093   0.0000004119   2427579
189   0.0001084576   -0.0004881702   2427432
190   0.0001084855   -0.0000333706   2427289
191   0.0001085793   -0.0000090642   2427140
192   0.0001085912   0.0009480829   2427003
193   0.0001086165   0.0010181944   2426845
194   0.0001088909   0.0006197722   2426698
195   0.0001090487   0.0000292597   2426548
196   0.0001091799   0.0004648845   2426409
197   0.0001091022   0.0007756823   2426251
198   0.0001090907   0.0000016487   2426101
199   0.0001089513   0.0003953079   2425957
200   0.0001087380   -0.0003227781   2425815
201   0.0001082796   -0.0006422989   2425662
202   0.0001079198   -0.0003314757   2425517
203   0.0001077417   0.0001595637   2425363
204   0.0001079076   0.0004366638   2425207
205   0.0001079855   0.0009150289   2425060
206   0.0001082021   0.0001608311   2424904
207   0.0001080601   -0.0001558927   2424744
208   0.0001080694   0.0011849416   2424592
209   0.0001083111   0.0012435841   2424444
210   0.0001084766   0.0003394793   2424301
211   0.0001085652   0.0001963582   2424141
212   0.0001087691   0.0000235149   2423997
213   0.0001086484   -0.0006403047   2423846
214   0.0001085417   0.0000033007   2423697
215   0.0001085285   0.0004980297   2423550
216   0.0001085020   0.0000425023   2423398
217   0.0001086298   0.0000123801   2423240
218   0.0001084425   0.0002628880   2423085
219   0.0001083997   -0.0003858974   2422924
220   0.0001082016   0.0006492518   2422789
221   0.0001080709   0.0006063643   2422636
222   0.0001081125   0.0002885468   2422484
223   0.0001079276   -0.0001263249   2422325
224   0.0001078714   0.0002014722   2422171
225   0.0001080595   0.0003199810   2422019
226   0.0001079069   -0.0003084401   2421864
227   0.0001076046   -0.0004633105   2421702
228   0.0001073649   -0.0006438047   2421542
229   0.0001071762   -0.0001073762   2421394
230   0.0001072901   -0.0002891084   2421237
231   0.0001071115   0.0000012391   2421070
232   0.0001068198   -0.0002387536   2420906
233   0.0001065756   -0.0001483007   2420757
234   0.0001065195   0.0008316099   2420606
235   0.0001065567   0.0008246435   2420440
236   0.0001064074   -0.0004214390   2420279
237   0.0001064974   -0.0001115643   2420130
238   0.0001062161   -0.0002057878   2419969
239   0.0001063182   0.0001826595   2419803
240   0.0001062421   0.0014121906   2419645
241   0.0001065000   0.0003682600   2419486
242   0.0001060921   -0.0002682552   2419338
243   0.0001060250   -0.0002637250   2419187
244   0.0001056908   -0.0006655511   2419048
245   0.0001052125   -0.0002877342   2418899
246   0.0001051309   -0.0003741601   2418751
247   0.0001050329   -0.0004581148   2418608
248   0.0001050151   0.0005801227   2418454
249   0.0001050604   -0.0006748534   2418303
250   0.0001046684   -0.0002613573   2418146
251   0.0001046334   0.0005942972   2417982
252   0.0001046094   0.0003602399   2417833
253   0.0001045678   0.0003867336   2417685
254   0.0001045340   0.0000467417   2417540
255   0.0001044105   -0.0002941187   2417391
256   0.0001041311   -0.0005361478   2417244
257   0.0001038821   -0.0009287986   2417101
258   0.0001034196   -0.0003372013   2416954
259   0.0001032111   0.0003459122   2416798
260   0.0001033521   0.0002201386   2416659
261   0.0001033397   0.0000322778   2416520
262   0.0001034573   0.0001655375   2416371
263   0.0001031707   -0.0001560286   2416224
264   0.0001029582   0.0006224996   2416066
265   0.0001030299   -0.0003977792   2415913
266   0.0001029236   -0.0002752764   2415754
267   0.0001025402   0.0001068064   2415586
268   0.0001026082   -0.0002169383   2415433
269   0.0001023375   -0.0006098677   2415278
270   0.0001022235   0.0002691363   2415133
271   0.0001021601   0.0001643906   2414980
272   0.0001021216   -0.0002708282   2414815
273   0.0001019326   -0.0002716723   2414674
274   0.0001019411   -0.0012383332   2414536
275   0.0001016569   -0.0007546351   2414412
276   0.0001014757   -0.0000066273   2414267
277   0.0001015850   0.0007671513   2414126
278   0.0001016880   0.0002203827   2413983
279   0.0001016755   -0.0003504783   2413844
280   0.0001015773   0.0008832901   2413703
281   0.0001016896   -0.0001955617   2413561
282   0.0001014845   -0.0000816271   2413415
283   0.0001015486   -0.0000488962   2413275
284   0.0001017880   -0.0001819213   2413132
285   0.0001017222   0.0000866148   2412983
286   0.0001017920   -0.0001674378   2412836
287   0.0001019085   0.0001952178   2412690
288   0.0001020128   -0.0000783404   2412547
289   0.0001018235   -0.0007822135   2412385
290   0.0001015996   -0.0001239510   2412244
291   0.0001015962   0.0008892740   2412080
292   0.0001017032   0.0003092959   2411930
293   0.0001016060   0.0006621660   2411782
294   0.0001017799   0.0000456123   2411628
295   0.0001017068   0.0008090511   2411467
296   0.0001016348   0.0002334832   2411308
297   0.0001018121   0.0005507738   2411153
298   0.0001020148   -0.0000406474   2410981
299   0.0001019804   0.0001991034   2410808
300   0.0001019616   0.0001982874   2410642
301   0.0001020786   -0.0001203086   2410468
302   0.0001021386   0.0006107068   2410322
303   0.0001021928   0.0005609544   2410178
304   0.0001023232   0.0003091240   2410036
305   0.0001021925   0.0002912984   2409900
306   0.0001022717   0.0011171302   2409746
307   0.0001023925   0.0007939123   2409586
308   0.0001026490   0.0004108845   2409436
309   0.0001025400   0.0000132819   2409287
310   0.0001024395   0.0002158464   2409121
311   0.0001023050   0.0001282707   2408968
312   0.0001022946   0.0001000491   2408818
313   0.0001021593   -0.0002100751   2408662
314   0.0001021678   0.0003516682   2408520
315   0.0001021592   0.0009682877   2408375
316   0.0001023823   0.0007590691   2408213
317   0.0001026050   0.0000597991   2408063
318   0.0001026646   0.0004472757   2407911
319   0.0001028642   0.0001270895   2407752
320   0.0001029882   0.0011820886   2407603
321   0.0001030389   0.0000286609   2407459
322   0.0001028730   -0.0000789262   2407311
323   0.0001028502   -0.0002052209   2407162
324   0.0001028022   0.0004063119   2407018
325   0.0001028224   -0.0004262789   2406875
326   0.0001026432   -0.0004641162   2406725
327   0.0001024575   -0.0001774312   2406567
328   0.0001023685   0.0001666376   2406420
329   0.0001022908   0.0005585459   2406248
330   0.0001023782   0.0003790385   2406088
331   0.0001023463   0.0006463178   2405937
332   0.0001026847   0.0007024731   2405786
333   0.0001028312   0.0002826701   2405631
334   0.0001027919   0.0010854355   2405486
335   0.0001027740   0.0007520741   2405348
336   0.0001029722   0.0004427897   2405205
337   0.0001031088   -0.0004594491   2405054
338   0.0001031465   -0.0003646702   2404913
339   0.0001029352   0.0003572061   2404774
340   0.0001028974   0.0004636892   2404628
341   0.0001028783   0.0008650555   2404470
342   0.0001028883   0.0004213271   2404308
343   0.0001030052   0.0005261715   2404159
344   0.0001029346   0.0000561561   2404011
345   0.0001026326   0.0004363818   2403858
346   0.0001027615   0.0001273034   2403706
347   0.0001028135   0.0000740571   2403551
348   0.0001028428   0.0002621289   2403398
349   0.0001030625   0.0009811701   2403253
350   0.0001029616   0.0003716049   2403090
351   0.0001028461   0.0001568912   2402939
352   0.0001026620   0.0002301495   2402786
353   0.0001025324   -0.0003491999   2402635
354   0.0001023379   0.0002185241   2402481
355   0.0001023445   0.0002310260   2402327
356   0.0001024477   -0.0000453759   2402155
357   0.0001023073   -0.0003276442   2401996
358   0.0001021670   -0.0001490525   2401838
359   0.0001020520   0.0006632851   2401682
360   0.0001022748   0.0017763779   2401516
361   0.0001024398   0.0006096568   2401351
362   0.0001024604   0.0001086955   2401204
363   0.0001025132   -0.0002948684   2401071
364   0.0001023723   -0.0003444507   2400924
365   0.0001022493   -0.0002345076   2400775
366   0.0001022174   0.0004015613   2400630
367   0.0001021424   -0.0009889685   2400481
368   0.0001020913   -0.0005515899   2400334
369   0.0001020095   0.0002583136   2400183
370   0.0001020098   0.0006395697   2400051
371   0.0001019091   -0.0002879291   2399896
372   0.0001016140   0.0003266997   2399757
373   0.0001018025   -0.0005163358   2399601
374   0.0001015950   0.0002250511   2399455
375   0.0001018264   0.0008035650   2399308
376   0.0001020645   0.0008494622   2399165
377   0.0001020402   0.0001267183   2399022
378   0.0001020200   -0.0008566505   2398878
379   0.0001018880   -0.0000004169   2398734
380   0.0001017216   -0.0001317446   2398580
381   0.0001017217   -0.0006708524   2398441
382   0.0001016554   -0.0005024376   2398308
383   0.0001016036   0.0007860196   2398159
384   0.0001016149   -0.0004236841   2398013
385   0.0001015777   0.0003515629   2397864
386   0.0001016982   0.0002385612   2397708
387   0.0001017830   0.0005030114   2397560
388   0.0001017642   -0.0005822953   2397409
389   0.0001014259   -0.0003212012   2397251
390   0.0001012232   0.0002398741   2397091
391   0.0001010941   0.0005465299   2396941
392   0.0001013351   0.0003341988   2396777
393   0.0001014322   0.0000984717   2396628
394   0.0001013167   0.0009238484   2396497
395   0.0001013797   0.0001485593   2396350
396   0.0001012029   -0.0003818538   2396205
397   0.0001009715   0.0002011636   2396060
398   0.0001010106   0.0002299752   2395910
399   0.0001010668   0.0004804303   2395769
400   0.0001010330   0.0002508746   2395619
401   0.0001010032   -0.0004704710   2395472
402   0.0001010189   0.0002488185   2395320
403   0.0001011212   0.0003694938   2395169
404   0.0001011887   -0.0003035477   2395011
405   0.0001009752   -0.0001920776   2394865
406   0.0001009425   -0.0005595641   2394721
407   0.0001008712   -0.0000496954   2394586
408   0.0001010842   0.0000200464   2394442
409   0.0001009897   0.0004740439   2394293
410   0.0001008781   0.0013161269   2394146
411   0.0001010078   0.0006111101   2394004
412   0.0001009412   -0.0007360516   2393854
413   0.0001008115   -0.0003275251   2393710
414   0.0001007900   -0.0005644305   2393563
415   0.0001008525   0.0002218593   2393409
416   0.0001007648   0.0009138182   2393255
417   0.0001008857   0.0007906047   2393105
418   0.0001008125   0.0002457226   2392942
419   0.0001007133   0.0001801244   2392791
420   0.0001005963   -0.0001997797   2392635
421   0.0001005095   -0.0004121243   2392482
422   0.0001004419   0.0005463279   2392336
423   0.0001006838   0.0011458120   2392190
424   0.0001008538   0.0002671358   2392042
425   0.0001008675   -0.0002307789   2391900
426   0.0001009947   0.0007408798   2391751
427   0.0001010661   0.0007095650   2391606
428   0.0001010876   -0.0006251411   2391460
429   0.0001008603   -0.0003592188   2391300
430   0.0001007794   0.0002994383   2391144
431   0.0001006344   0.0008787155   2390990
432   0.0001006474   0.0002517963   2390821
433   0.0001008011   -0.0001041548   2390672
434   0.0001008646   0.0008521230   2390500
435   0.0001010786   -0.0001857461   2390360
436   0.0001010515   0.0000230106   2390207
437   0.0001012386   -0.0000083680   2390047
438   0.0001012332   -0.0002849502   2389891
439   0.0001011695   0.0002703217   2389745
440   0.0001012195   0.0005486295   2389591
441   0.0001012126   0.0000510579   2389442
442   0.0001009975   -0.0004440653   2389288
443   0.0001009239   -0.0007688985   2389132
444   0.0001006495   0.0002775226   2388995
445   0.0001006556   -0.0001565608   2388849
446   0.0001007598   0.0000029305   2388695
447   0.0001007902   -0.0003014403   2388533
448   0.0001007698   -0.0003433298   2388374
449   0.0001008175   0.0006645150   2388208
450   0.0001009497   -0.0000067000   2388054
451   0.0001009108   -0.0004003528   2387894
452   0.0001009007   -0.0009540402   2387740
453   0.0001008890   -0.0004649037   2387591
454   0.0001007663   0.0000712059   2387443
455   0.0001007205   0.0003912375   2387297
456   0.0001008432   0.0005320176   2387139
457   0.0001008367   0.0000640974   2386991
458   0.0001008265   0.0001776395   2386857
459   0.0001009154   0.0001592147   2386715
460   0.0001008829   0.0000926017   2386564
461   0.0001006651   -0.0004047926   2386407
462   0.0001005555   0.0000930329   2386253
463   0.0001007620   0.0000641213   2386103
464   0.0001009461   0.0004233124   2385945
465   0.0001007965   0.0004204046   2385797
466   0.0001005105   0.0001815014   2385656
467   0.0001002438   0.0001228249   2385510
468   0.0001001136   -0.0003710143   2385353
469   0.0001003017   -0.0001568006   2385195
470   0.0001002395   0.0006901340   2385044
471   0.0001004878   -0.0002457132   2384894
472   0.0001004438   -0.0002750825   2384739
473   0.0001003498   -0.0003887464   2384588
474   0.0001003367   0.0002491135   2384455
475   0.0001006146   -0.0001291777   2384312
476   0.0001007549   0.0002730512   2384168
477   0.0001007089   0.0002252507   2384010
478   0.0001008442   0.0002663752   2383856
479   0.0001010726   0.0004111245   2383706
480   0.0001012168   0.0006750438   2383549
481   0.0001014920   0.0005844609   2383393
482   0.0001014438   -0.0001334317   2383241
483   0.0001014821   0.0003474478   2383092
484   0.0001013408   0.0006118490   2382941
485   0.0001012345   0.0006286751   2382789
486   0.0001010705   0.0003143565   2382645
487   0.0001010248   0.0004533052   2382501
488   0.0001009341   -0.0001679011   2382355
489   0.0001010670   -0.0004508411   2382214
490   0.0001008469   0.0003941973   2382056
491   0.0001010734   0.0003291500   2381893
492   0.0001013980   -0.0003245529   2381738
493   0.0001013569   -0.0010056307   2381590
494   0.0001012089   0.0004417497   2381439
495   0.0001012410   0.0008096476   2381283
496   0.0001015343   0.0007282251   2381132
497   0.0001013792   0.0003166763   2380980
498   0.0001013444   -0.0000100806   2380821
499   0.0001013048   -0.0003402426   2380654
500   0.0001012901   0.0000630121   2380494
501   0.0001014522   0.0001756049   2380344
502   0.0001013768   -0.0010364710   2380192
503   0.0001010167   0.0006075556   2380029
504   0.0001013966   0.0008437365   2379890
505   0.0001015296   0.0010950822   2379730
506   0.0001015547   -0.0003298908   2379575
507   0.0001012913   -0.0002231638   2379418
508   0.0001010888   0.0002773973   2379259
509   0.0001011025   0.0006031677   2379106
510   0.0001010180   0.0005922756   2378960
511   0.0001011882   -0.0003207481   2378814
512   0.0001011865   -0.0004161993   2378668
513   0.0001008079   -0.0000403612   2378523
514   0.0001008546   0.0003548626   2378385
515   0.0001007848   0.0008300298   2378228
516   0.0001005257   -0.0000920916   2378066
517   0.0001004667   0.0007628522   2377918
518   0.0001005173   0.0004352825   2377766
519   0.0001006931   0.0004975597   2377604
520   0.0001008200   -0.0001034726   2377440
521   0.0001008251   -0.0002372458   2377281
522   0.0001006379   -0.0002116001   2377125
523   0.0001004357   -0.0004042974   2376963
524   0.0001000939   0.0000858298   2376798
525   0.0000998932   0.0009340926   2376638
526   0.0000999483   0.0003433653   2376478
527   0.0001000096   0.0007057124   2376322
528   0.0001001386   0.0007672026   2376165
529   0.0001001307   -0.0002803034   2375997
530   0.0000999577   -0.0002849533   2375828
531   0.0000999632   -0.0002786589   2375664
532   0.0001001350   0.0006710144   2375508
533   0.0001001572   0.0001094577   2375347
534   0.0000999365   -0.0006302646   2375193
535   0.0000999262   -0.0000715777   2375043
536   0.0000997712   0.0003153856   2374871
537   0.0000996051   -0.0013125846   2374704
538   0.0000993203   -0.0001322364   2374536
539   0.0000990717   -0.0005854165   2374378
540   0.0000993503   0.0000029483   2374212
541   0.0000993048   -0.0008474973   2374049
542   0.0000992435   -0.0007241246   2373901
543   0.0000990731   0.0001832559   2373730
544   0.0000991975   0.0003989761   2373576
545   0.0000993543   -0.0002422669   2373415
546   0.0000994146   -0.0000530914   2373264
547   0.0000994961   -0.0000198052   2373110
548   0.0000994465   0.0005920905   2372948
549   0.0000995844   -0.0000897675   2372796
550   0.0000996108   0.0002170581   2372637
551   0.0000995623   0.0004472110   2372482
552   0.0000996625   0.0001374182   2372321
553   0.0000994682   -0.0007453142   2372154
554   0.0000994231   -0.0005805250   2371991
555   0.0000996185   0.0002420073   2371829
556   0.0000992623   0.0002373851   2371674
557   0.0000993672   -0.0002854713   2371517
558   0.0000992421   -0.0004014584   2371354
559   0.0000992287   0.0000286776   2371190
560   0.0000993430   0.0002686593   2371033
561   0.0000994710   -0.0000695946   2370873
562   0.0000993980   0.0004998513   2370705
563   0.0000991167   0.0002273746   2370537
564   0.0000991240   0.0007585326   2370366
565   0.0000992613   0.0003995442   2370201
566   0.0000992598   0.0006198213   2370038
567   0.0000992774   0.0008232498   2369876
568   0.0000993203   0.0000966365   2369706
569   0.0000992725   -0.0000497986   2369544
570   0.0000991917   0.0000949620   2369369
571   0.0000991933   -0.0001088977   2369195
572   0.0000991009   -0.0002536903   2369030
573   0.0000990281   0.0002313337   2368872
574   0.0000988323   0.0000244860   2368703
575   0.0000987881   -0.0004070035   2368530
576   0.0000987483   -0.0001469381   2368345
577   0.0000988334   -0.0001266806   2368160
578   0.0000988905   0.0002554904   2367995
579   0.0000986996   -0.0001131845   2367816
580   0.0000983289   -0.0004603754   2367633
581   0.0000979785   -0.0002200681   2367449
582   0.0000977302   0.0003894793   2367263
583   0.0000976844   -0.0004672455   2367064
584   0.0000979054   -0.0004081326   2366878
585   0.0000980217   -0.0000773231   2366694
586   0.0000980145   -0.0004065051   2366514
587   0.0000979567   -0.0001893230   2366326
588   0.0000978587   -0.0006398599   2366143
589   0.0000979950   0.0002996680   2365952
590   0.0000980397   0.0005778263   2365763
591   0.0000979612   0.0000093001   2365569
592   0.0000978374   -0.0007136295   2365373
593   0.0000977085   -0.0003044170   2365177
594   0.0000976594   -0.0002630043   2364980
595   0.0000973115   0.0003446406   2364782
596   0.0000973214   0.0004161417   2364579
597   0.0000971939   0.0009558531   2364380
598   0.0000973845   0.0007076363   2364209
599   0.0000973121   -0.0001243638   2364032
600   0.0000973286   0.0005922476   2363876
601   0.0000973035   -0.0001413037   2363703
602   0.0000972076   -0.0005885203   2363555
603   0.0000970553   0.0004827784   2363403
604   0.0000970405   -0.0003660175   2363275
605   0.0000971317   -0.0000829407   2363135
606   0.0000970249   -0.0005827348   2362996
607   0.0000968623   -0.0010047189   2362850
608   0.0000966772   0.0002150080   2362703
609   0.0000966575   0.0005210461   2362555
610   0.0000967725   0.0001312212   2362423
611   0.0000969388   -0.0000021166   2362287
612   0.0000970923   0.0000541879   2362151
613   0.0000972508   -0.0002392028   2362012
614   0.0000972324   -0.0003679271   2361881
615   0.0000971251   -0.0002972389   2361737
616   0.0000972081   0.0000495427   2361599
617   0.0000972080   -0.0003976359   2361457
618   0.0000972024   -0.0010019849   2361313
619   0.0000970339   -0.0000923271   2361170
620   0.0000971036   -0.0006996926   2361037
621   0.0000970541   -0.0005273408   2360902
622   0.0000970067   -0.0001389387   2360753
623   0.0000967950   -0.0004630155   2360612
624   0.0000966698   -0.0007617137   2360467
625   0.0000967320   -0.0003457141   2360332
626   0.0000967430   0.0003796296   2360195
627   0.0000968171   -0.0004364305   2360055
628   0.0000966941   -0.0000834776   2359914
629   0.0000965639   -0.0005174244   2359765
630   0.0000963685   -0.0001500236   2359628
631   0.0000962828   0.0002042822   2359481
632   0.0000962175   0.0003390786   2359335
633   0.0000962822   0.0001038488   2359200
634   0.0000963690   -0.0002670545   2359069
635   0.0000962270   -0.0000381529   2358928
636   0.0000964280   0.0004888116   2358782
637   0.0000965900   -0.0007330480   2358645
638   0.0000966731   0.0001759588   2358506
639   0.0000967931   -0.0001034615   2358366
640   0.0000968287   -0.0002726624   2358228
641   0.0000967775   -0.0005343310   2358089
642   0.0000965590   -0.0004215528   2357949
643   0.0000965501   -0.0002926452   2357804
644   0.0000965791   -0.0004873497   2357650
645   0.0000964828   -0.0006460225   2357503
646   0.0000965005   -0.0000733872   2357358
647   0.0000965722   0.0008700938   2357217
648   0.0000967858   -0.0001845505   2357079
649   0.0000967404   0.0008740205   2356924
650   0.0000968568   0.0003182297   2356788
651   0.0000968624   0.0008045322   2356649
652   0.0000970314   0.0003343939   2356502
653   0.0000968183   -0.0005716446   2356359
654   0.0000967712   0.0001179861   2356210
655   0.0000966304   0.0006672136   2356067
656   0.0000967649   -0.0002321823   2355907
657   0.0000965047   0.0006736717   2355747
658   0.0000962558   -0.0000424519   2355607
659   0.0000962367   -0.0005383265   2355448
660   0.0000962612   0.0003447563   2355287
661   0.0000962907   0.0005851030   2355141
662   0.0000964123   0.0002789814   2354996
663   0.0000964408   0.0001099862   2354841
664   0.0000962898   -0.0003410210   2354694
665   0.0000964327   -0.0000492663   2354551
666   0.0000962597   0.0004094456   2354403
667   0.0000964757   0.0008134132   2354277
668   0.0000966646   -0.0007153346   2354143
669   0.0000967206   0.0012497849   2354005
670   0.0000969656   -0.0002132669   2353858
671   0.0000969356   -0.0003785516   2353708
672   0.0000970675   0.0005515040   2353564
673   0.0000972591   0.0002277539   2353417
674   0.0000972491   -0.0001491538   2353276
675   0.0000969488   0.0001908090   2353139
676   0.0000967961   0.0002354430   2353011
677   0.0000970891   0.0000548265   2352875
678   0.0000970870   0.0004977173   2352741
679   0.0000971217   0.0001389952   2352599
680   0.0000973047   -0.0005483614   2352463
681   0.0000970876   -0.0001045774   2352324
682   0.0000970782   -0.0003265045   2352188
683   0.0000968485   -0.0002308618   2352057
684   0.0000967438   -0.0007041059   2351919
685   0.0000965064   -0.0004524238   2351777
686   0.0000964418   -0.0001964584   2351643
687   0.0000964017   0.0003729522   2351508
688   0.0000961871   -0.0002849397   2351375
689   0.0000959623   -0.0004793226   2351235
690   0.0000959317   -0.0003708874   2351118
691   0.0000955789   -0.0003045544   2350976
692   0.0000954343   0.0000055299   2350838
693   0.0000954279   0.0001361291   2350709
694   0.0000953185   -0.0005768814   2350570
695   0.0000952933   0.0005488320   2350446
696   0.0000954907   -0.0003267655   2350309
697   0.0000955286   0.0005135770   2350183
698   0.0000954036   -0.0005991354   2350053
699   0.0000952876   -0.0000093620   2349928
700   0.0000953517   0.0005208985   2349786
701   0.0000952990   0.0006860602   2349648
702   0.0000954952   0.0003192150   2349514
703   0.0000955790   0.0000289439   2349369
704   0.0000956097   0.0003218077   2349229
705   0.0000957299   -0.0002320050   2349087
706   0.0000957124   0.0008488867   2348959
707   0.0000956969   0.0001579512   2348826
708   0.0000958334   0.0012402732   2348676
709   0.0000959348   0.0007574925   2348538
710   0.0000961027   0.0002499564   2348410
711   0.0000959358   0.0010727046   2348270
712   0.0000960769   0.0008359815   2348138
713   0.0000962504   -0.0005468477   2348003
714   0.0000960609   0.0004024935   2347864
715   0.0000960177   0.0003109401   2347719
716   0.0000958730   -0.0007910277   2347579
717   0.0000958273   0.0002125720   2347440
718   0.0000958937   0.0000864822   2347304
719   0.0000959830   0.0001099194   2347175
720   0.0000960250   0.0005871270   2347022
721   0.0000959889   -0.0000950202   2346869
722   0.0000958034   0.0001116446   2346732
723   0.0000960221   -0.0003588182   2346592
724   0.0000960892   -0.0009742298   2346469
725   0.0000957588   -0.0004943891   2346330
726   0.0000956946   -0.0001095394   2346188
727   0.0000957512   -0.0002212222   2346058
728   0.0000960013   -0.0000916484   2345923
729   0.0000961239   -0.0000366615   2345783
730   0.0000958770   0.0001419646   2345655
731   0.0000958205   0.0006992074   2345513
732   0.0000958826   0.0008553029   2345368
733   0.0000958871   0.0000157767   2345235
734   0.0000958272   0.0001262206   2345100
735   0.0000961487   0.0001019206   2344962
736   0.0000958981   -0.0000260146   2344838
737   0.0000956752   0.0000392374   2344701
738   0.0000954772   0.0006338025   2344579
739   0.0000953771   0.0002307596   2344431
740   0.0000954867   0.0000891526   2344294
741   0.0000955025   0.0002853898   2344162
742   0.0000955486   -0.0001510218   2344033
743   0.0000953160   0.0002657965   2343898
744   0.0000952401   0.0007317237   2343781
745   0.0000952923   -0.0001949944   2343657
746   0.0000953745   0.0007403403   2343517
747   0.0000958062   0.0009042498   2343379
748   0.0000957238   -0.0002577633   2343235
749   0.0000953385   -0.0002449749   2343097
750   0.0000952166   0.0001634684   2342961
751   0.0000950846   0.0005369568   2342833
752   0.0000950464   0.0009617113   2342699
753   0.0000950807   0.0002629594   2342567
754   0.0000950469   -0.0000554977   2342439
755   0.0000948948   0.0008969785   2342308
756   0.0000949938   -0.0001460189   2342163
757   0.0000948274   -0.0005452537   2342029
758   0.0000950187   0.0008053331   2341888
759   0.0000952185   0.0001550118   2341757
760   0.0000952629   0.0001849139   2341630
761   0.0000953424   -0.0000619261   2341501
762   0.0000953527   -0.0003745683   2341362
763   0.0000953034   0.0002268042   2341226
764   0.0000952681   0.0001644533   2341090
765   0.0000952406   -0.0007347444   2340950
766   0.0000949706   -0.0003925973   2340821
767   0.0000951370   -0.0000457131   2340688
768   0.0000953059   0.0004281054   2340545
769   0.0000952103   -0.0007028668   2340415
770   0.0000950954   -0.0000414483   2340265
771   0.0000949349   -0.0008969610   2340124
772   0.0000947643   -0.0006333366   2339988
773   0.0000945702   -0.0008761185   2339866
774   0.0000946189   0.0005569019   2339730
775   0.0000946210   0.0003710047   2339593
776   0.0000948187   0.0001337921   2339451
777   0.0000948715   -0.0000705335   2339313
778   0.0000950009   -0.0005330935   2339177
779   0.0000948518   -0.0000247965   2339037
780   0.0000950447   0.0005930148   2338896
781   0.0000952289   0.0000312132   2338757
782   0.0000950009   0.0006367041   2338606
783   0.0000950114   -0.0006611172   2338466
784   0.0000949623   0.0007184633   2338324
785   0.0000950788   0.0002061439   2338173
786   0.0000950642   0.0003165052   2338034
787   0.0000950587   0.0004431350   2337888
788   0.0000950716   -0.0002262851   2337759
789   0.0000950178   0.0004021170   2337628
790   0.0000948258   0.0002797878   2337486
791   0.0000948187   -0.0004222729   2337351
792   0.0000945400   0.0008013804   2337217
793   0.0000945394   -0.0000136922   2337089
794   0.0000945256   0.0005455836   2336947
795   0.0000947436   -0.0003483380   2336811
796   0.0000946090   0.0000552068   2336668
797   0.0000943909   -0.0004917549   2336530
798   0.0000942195   -0.0002948993   2336391
799   0.0000942168   0.0003792388   2336259
800   0.0000944876   0.0011112419   2336125
801   0.0000946009   -0.0002431509   2335998
802   0.0000944868   0.0005060228   2335863
803   0.0000947656   0.0007800572   2335726
804   0.0000949517   0.0000830623   2335596
805   0.0000948266   -0.0000342544   2335463
806   0.0000946305   -0.0008251525   2335326
807   0.0000944475   0.0000102775   2335194
808   0.0000941458   0.0005430295   2335048
809   0.0000939867   -0.0005284993   2334913
810   0.0000937559   0.0003195158   2334783
811   0.0000938623   -0.0001820407   2334643
812   0.0000939440   0.0001002351   2334512
813   0.0000939713   -0.0002351803   2334379
814   0.0000941353   0.0001036736   2334249
815   0.0000940376   0.0000047127   2334120
816   0.0000939425   -0.0002365042   2333997
817   0.0000938117   0.0004194751   2333869
818   0.0000938038   0.0000449922   2333736
819   0.0000937183   0.0004786588   2333604
820   0.0000936522   0.0000192846   2333474
821   0.0000936862   0.0005378547   2333344
822   0.0000936643   -0.0004834537   2333212
823   0.0000936026   -0.0005134830   2333086
824   0.0000934308   -0.0006335286   2332965
825   0.0000934557   0.0003502190   2332826
826   0.0000935036   -0.0001028853   2332695
827   0.0000932111   0.0001226116   2332568
828   0.0000931559   0.0000741713   2332439
829   0.0000928280   -0.0000908970   2332311
830   0.0000927538   0.0009274556   2332187
831   0.0000930147   0.0005934677   2332056
832   0.0000929597   -0.0001861127   2331921
833   0.0000927569   0.0001676821   2331793
834   0.0000926675   -0.0003847073   2331643
835   0.0000927425   0.0002358991   2331505
836   0.0000926293   -0.0007840887   2331369
837   0.0000924855   0.0000935129   2331230
838   0.0000923273   -0.0001788867   2331085
839   0.0000921321   -0.0005203896   2330946
840   0.0000919770   0.0000613523   2330802
841   0.0000920870   -0.0003132156   2330663
842   0.0000918684   -0.0000248869   2330540
843   0.0000919417   0.0002995188   2330405
844   0.0000919687   0.0000682322   2330278
845   0.0000919518   -0.0006085497   2330130
846   0.0000917778   0.0002090134   2329994
847   0.0000920115   0.0006348026   2329858
848   0.0000920508   0.0004266627   2329709
849   0.0000917916   0.0005430175   2329575
850   0.0000919208   0.0004207023   2329438
851   0.0000922320   -0.0000176018   2329304
852   0.0000922011   0.0003211439   2329174
853   0.0000923064   0.0003984490   2329031
854   0.0000922085   0.0002748075   2328903
855   0.0000921982   0.0008068623   2328774
856   0.0000921890   0.0004882645   2328656
857   0.0000920631   0.0011075676   2328526
858   0.0000921546   0.0005003410   2328412
859   0.0000921535   0.0007932884   2328283
860   0.0000921965   -0.0006245321   2328143
861   0.0000922250   -0.0002328170   2328009
862   0.0000920608   0.0002903938   2327873
863   0.0000921123   -0.0004287455   2327721
864   0.0000922495   0.0008639834   2327591
865   0.0000922953   0.0006483452   2327464
866   0.0000922989   0.0004696377   2327326
867   0.0000922146   0.0004335714   2327183
868   0.0000921089   0.0003708568   2327044
869   0.0000920347   0.0003940849   2326910
870   0.0000920562   0.0003537098   2326766
871   0.0000921767   0.0006756551   2326631
872   0.0000920213   0.0008893260   2326481
873   0.0000921493   0.0006254454   2326342
874   0.0000921654   0.0006856608   2326223
875   0.0000919327   0.0003434965   2326079
876   0.0000918604   0.0002248562   2325931
877   0.0000917490   0.0004630671   2325797
878   0.0000917294   0.0000589078   2325668
879   0.0000917817   0.0006127628   2325533
880   0.0000918685   0.0005181906   2325399
881   0.0000920203   0.0009216158   2325264
882   0.0000921751   0.0015418586   2325116
883   0.0000922736   0.0006662463   2324966
884   0.0000921443   0.0015953827   2324834
885   0.0000922950   0.0005566324   2324694
886   0.0000922984   0.0009554550   2324547
887   0.0000923529   -0.0000546373   2324421
888   0.0000920812   0.0001811326   2324264
889   0.0000920317   0.0001587694   2324126
890   0.0000918893   0.0003967315   2323990
891   0.0000920188   0.0009075472   2323846
892   0.0000921057   0.0004604705   2323710
893   0.0000920845   0.0005878877   2323573
894   0.0000922303   0.0006623822   2323432
895   0.0000923003   0.0000598289   2323291
896   0.0000925169   0.0006426597   2323158
897   0.0000927140   0.0004799789   2323019
898   0.0000929244   0.0008971660   2322870
899   0.0000931912   0.0011835211   2322730
900   0.0000933420   0.0004417494   2322584
901   0.0000932881   0.0001080760   2322439
902   0.0000930883   0.0005124217   2322306
903   0.0000931236   0.0003621600   2322178
904   0.0000930119   -0.0002269535   2322062
905   0.0000929846   -0.0002377332   2321931
906   0.0000931254   0.0002183648   2321803
907   0.0000931845   -0.0000060302   2321663
908   0.0000931186   -0.0004742558   2321532
909   0.0000930023   -0.0000598777   2321400
910   0.0000928808   -0.0004523392   2321267
911   0.0000928617   -0.0002998533   2321135
912   0.0000929697   0.0012559285   2320992
913   0.0000934358   0.0005877106   2320870
914   0.0000933599   -0.0001391802   2320733
915   0.0000933732   0.0001456519   2320601
916   0.0000933540   0.0001758258   2320478
917   0.0000930916   0.0005421587   2320354
918   0.0000930709   0.0004904682   2320232
919   0.0000931087   0.0006141966   2320104
920   0.0000930715   0.0001056052   2319962
921   0.0000930155   0.0008754922   2319838
922   0.0000932120   0.0006634473   2319702
923   0.0000936046   0.0005332878   2319573
924   0.0000935541   -0.0001504668   2319449
925   0.0000934819   0.0004751374   2319329
926   0.0000934798   0.0003432225   2319195
927   0.0000936345   0.0010262748   2319067
928   0.0000938113   0.0004213126   2318943
929   0.0000938125   0.0010212161   2318804
930   0.0000940465   0.0006111265   2318669
931   0.0000941455   0.0009510291   2318541
932   0.0000943146   0.0005939408   2318413
933   0.0000944019   0.0002079122   2318286
934   0.0000944573   0.0002467481   2318154
935   0.0000945260   -0.0000823985   2318003
936   0.0000943339   0.0002554071   2317868
937   0.0000944816   0.0003861512   2317745
938   0.0000947198   0.0006079510   2317621
939   0.0000949694   0.0014347326   2317505
940   0.0000952617   0.0012315648   2317377
941   0.0000954926   0.0008177786   2317253
942   0.0000955090   0.0006123979   2317121
943   0.0000956250   0.0004704375   2316992
944   0.0000955439   0.0004480171   2316876
945   0.0000955204   0.0009159426   2316739
946   0.0000957190   -0.0000021583   2316602
947   0.0000957137   -0.0004243498   2316485
948   0.0000956379   -0.0005737430   2316368
949   0.0000955955   -0.0002940124   2316229
950   0.0000955874   0.0000164068   2316108
951   0.0000956736   0.0004270360   2315964
952   0.0000956753   0.0012000028   2315828
953   0.0000958146   0.0006011134   2315703
954   0.0000960132   0.0003787399   2315573
955   0.0000957943   -0.0000531216   2315444
956   0.0000960316   0.0001412332   2315320
957   0.0000957604   -0.0000181411   2315191
958   0.0000956793   -0.0000704087   2315054
959   0.0000958245   0.0003987172   2314924
960   0.0000960178   0.0003702286   2314786
961   0.0000960781   0.0008835067   2314640
962   0.0000960000   0.0009699686   2314508
963   0.0000962871   0.0009648372   2314380
964   0.0000961266   0.0008577208   2314273
965   0.0000960847   0.0002143342   2314143
966   0.0000962109   0.0001970603   2314012
967   0.0000961979   0.0009201039   2313869
968   0.0000964184   0.0007706128   2313743
969   0.0000963476   -0.0002312409   2313605
970   0.0000961055   0.0002256342   2313479
971   0.0000960812   0.0007119579   2313339
972   0.0000961013   0.0003462731   2313203
973   0.0000961168   0.0002918201   2313069
974   0.0000963368   0.0004319189   2312934
975   0.0000965381   0.0008621580   2312801
976   0.0000966313   0.0014338393   2312672
977   0.0000968291   0.0008804164   2312542
978   0.0000971109   0.0008623023   2312414
979   0.0000971934   0.0003857653   2312287
980   0.0000970087   0.0003870834   2312163
981   0.0000970076   0.0007850210   2312040
982   0.0000971730   0.0008200979   2311919
983   0.0000970157   -0.0003153390   2311798
984   0.0000967050   -0.0001354003   2311664
985   0.0000967798   0.0003720467   2311538
986   0.0000967554   0.0005148368   2311412
987   0.0000969216   0.0000860997   2311274
988   0.0000969165   0.0010371474   2311147
989   0.0000969498   0.0004837664   2311033
990   0.0000970919   0.0002791125   2310896
991   0.0000972008   0.0005807603   2310764
992   0.0000973486   0.0009586101   2310637
993   0.0000974344   0.0002969034   2310516
994   0.0000974926   0.0005747945   2310391
995   0.0000975506   0.0002402315   2310272
996   0.0000974074   0.0008869573   2310145
997   0.0000977274   0.0005376565   2310025
998   0.0000975741   0.0008719030   2309890
999   0.0000972560   0.0006619733   2309761
1000   0.0000971754   0.0006472895   2309631
