0   0.0000000000   0.1614416359   1971982
1   0.0000556394   0.0584471107   1971834
2   0.0000630391   0.0265151361   1971704
3   0.0000630744   0.0214743437   1971562
4   0.0000639478   0.0211425745   1971425
5   0.0000663354   0.0202715385   1971286
6   0.0000688176   0.0195064488   1971143
7   0.0000713225   0.0186878619   1971012
8   0.0000734317   0.0171018924   1970893
9   0.0000750813   0.0165676780   1970765
10   0.0000766714   0.0147642915   1970633
11   0.0000780492   0.0128840592   1970497
12   0.0000791092   0.0129574517   1970372
13   0.0000801291   0.0120199104   1970231
14   0.0000807909   0.0110258866   1970091
15   0.0000815385   0.0101606072   1969961
16   0.0000818728   0.0099267853   1969822
17   0.0000826543   0.0082571243   1969693
18   0.0000830952   0.0080916550   1969560
19   0.0000835307   0.0069222969   1969433
20   0.0000835321   0.0076723005   1969292
21   0.0000840559   0.0066063669   1969161
22   0.0000842604   0.0055677472   1969019
23   0.0000844326   0.0050785166   1968882
24   0.0000846535   0.0056944646   1968754
25   0.0000846692   0.0054480037   1968611
26   0.0000849643   0.0047447922   1968474
27   0.0000849197   0.0044600989   1968342
28   0.0000851212   0.0045401936   1968198
29   0.0000850523   0.0030979904   1968050
30   0.0000848428   0.0041094463   1967905
31   0.0000847559   0.0040330122   1967760
32   0.0000849726   0.0040027993   1967623
33   0.0000849648   0.0031827386   1967488
34   0.0000847385   0.0030157088   1967365
35   0.0000845753   0.0019387657   1967231
36   0.0000843661   0.0017573987   1967112
37   0.0000839010   0.0025312826   1966987
38   0.0000838468   0.0017861120   1966842
39   0.0000840450   0.0015604804   1966702
40   0.0000840165   0.0006310531   1966554
41   0.0000836844   0.0012281214   1966418
42   0.0000833673   0.0009184833   1966285
43   0.0000830920   0.0002436222   1966159
44   0.0000829220   0.0007766965   1966019
45   0.0000829392   0.0002584071   1965890
46   0.0000827446   0.0006674294   1965751
47   0.0000825826   0.0008755507   1965620
48   0.0000825917   0.0014261162   1965478
49   0.0000826671   0.0012506780   1965334
50   0.0000825960   0.0003500932   1965191
51   0.0000824831   0.0007495992   1965050
52   0.0000821888   0.0000269734   1964900
53   0.0000819880   -0.0000422446   1964748
54   0.0000816011   0.0012368886   1964607
55   0.0000815865   0.0003044069   1964476
56   0.0000814054   -0.0001160700   1964332
57   0.0000812756   -0.0001914267   1964198
58   0.0000810301   0.0000463325   1964063
59   0.0000807660   0.0002113107   1963933
60   0.0000805201   0.0001838285   1963787
61   0.0000803706   -0.0003712499   1963637
62   0.0000799052   -0.0006121700   1963507
63   0.0000794996   0.0000005093   1963368
64   0.0000792082   0.0003229370   1963231
65   0.0000789436   -0.0002852621   1963107
66   0.0000789442   -0.0007977695   1962973
67   0.0000788420   0.0002231465   1962836
68   0.0000788469   -0.0002817560   1962691
69   0.0000784397   -0.0003113301   1962547
70   0.0000780569   -0.0008606698   1962425
71   0.0000777573   -0.0008153714   1962296
72   0.0000775796   -0.0003552195   1962167
73   0.0000774560   -0.0002787917   1962038
74   0.0000769507   -0.0009342946   1961908
75   0.0000766608   -0.0002304032   1961778
76   0.0000765387   -0.0007819983   1961641
77   0.0000766319   -0.0015528805   1961516
78   0.0000766397   -0.0014153315   1961378
79   0.0000764937   -0.0007087382   1961232
80   0.0000762950   -0.0009912779   1961105
81   0.0000761074   -0.0020020653   1960975
82   0.0000756940   -0.0005635340   1960840
83   0.0000755430   -0.0020115244   1960702
84   0.0000750860   -0.0021759056   1960563
85   0.0000748306   -0.0013267464   1960435
86   0.0000745395   -0.0004733964   1960302
87   0.0000744388   -0.0013656993   1960168
88   0.0000743708   -0.0011693699   1960030
89   0.0000744173   -0.0007362621   1959900
90   0.0000744270   -0.0000688858   1959766
91   0.0000747848   -0.0005240799   1959625
92   0.0000747567   -0.0007456018   1959491
93   0.0000747990   -0.0016755540   1959352
94   0.0000746271   -0.0012811175   1959227
95   0.0000744922   -0.0010800828   1959109
96   0.0000745653   -0.0007738761   1958970
97   0.0000745021   -0.0009046189   1958836
98   0.0000742783   -0.0010512101   1958695
99   0.0000741191   -0.0008409214   1958566
100   0.0000740192   -0.0004973384   1958425
101   0.0000739180   -0.0005555913   1958274
102   0.0000738941   -0.0002441097   1958136
103   0.0000737648   -0.0007385064   1958006
104   0.0000736267   -0.0008769699   1957878
105   0.0000733737   -0.0008356579   1957739
106   0.0000730114   -0.0011090144   1957594
107   0.0000726989   -0.0004281032   1957472
108   0.0000725657   -0.0013978297   1957320
109   0.0000726467   -0.0008921012   1957177
110   0.0000728404   -0.0006244133   1957037
111   0.0000728849   -0.0011727852   1956880
112   0.0000728879   -0.0014846182   1956732
113   0.0000726576   -0.0017617367   1956592
114   0.0000723861   -0.0013049185   1956444
115   0.0000723396   -0.0016449210   1956325
116   0.0000720040   -0.0014840087   1956188
117   0.0000716194   -0.0018700973   1956048
118   0.0000713699   -0.0008379817   1955890
119   0.0000713413   -0.0005031326   1955747
120   0.0000714665   -0.0012057594   1955614
121   0.0000714230   -0.0013914764   1955477
122   0.0000711607   -0.0016012413   1955358
123   0.0000708160   -0.0009998885   1955218
124   0.0000708252   -0.0009288580   1955089
125   0.0000707363   -0.0003248153   1954957
126   0.0000709142   -0.0006578661   1954805
127   0.0000708670   -0.0001734315   1954662
128   0.0000707229   -0.0000700936   1954528
129   0.0000706764   -0.0001698734   1954397
130   0.0000708875   0.0001734675   1954256
131   0.0000711666   0.0002123715   1954123
132   0.0000715186   0.0003055271   1954000
133   0.0000717498   -0.0004606269   1953859
134   0.0000720864   -0.0004831811   1953719
135   0.0000722523   -0.0009039791   1953585
136   0.0000724706   -0.0008031989   1953439
137   0.0000723238   -0.0010955729   1953316
138   0.0000721819   -0.0004592487   1953190
139   0.0000723727   -0.0003538020   1953070
140   0.0000726570   -0.0009698194   1952941
141   0.0000726858   -0.0012607409   1952820
142   0.0000725520   -0.0016915119   1952691
143   0.0000723346   0.0000599214   1952557
144   0.0000725960   -0.0007903009   1952421
145   0.0000722937   -0.0003150140   1952294
146   0.0000722512   -0.0013036754   1952173
147   0.0000724354   -0.0001485619   1952048
148   0.0000725212   -0.0012561971   1951923
149   0.0000722549   -0.0005164466   1951799
150   0.0000724362   -0.0010119622   1951654
151   0.0000722183   -0.0014101828   1951520
152   0.0000721488   -0.0013503195   1951390
153   0.0000719367   -0.0012023056   1951251
154   0.0000718704   -0.0013043697   1951134
155   0.0000718203   -0.0002865186   1951008
156   0.0000721716   -0.0010677244   1950878
157   0.0000721769   -0.0009437420   1950745
158   0.0000723244   -0.0002127548   1950602
159   0.0000723409   -0.0006690688   1950472
160   0.0000722997   -0.0015699859   1950336
161   0.0000719559   -0.0017485305   1950209
162   0.0000719716   -0.0011014961   1950075
163   0.0000717612   -0.0009292617   1949935
164   0.0000718512   -0.0011883270   1949800
165   0.0000715729   -0.0010345388   1949661
166   0.0000717142   -0.0011002720   1949518
167   0.0000714239   -0.0008156373   1949396
168   0.0000716361   -0.0010906686   1949263
169   0.0000716094   -0.0006300282   1949119
170   0.0000716268   0.0001698317   1948988
171   0.0000718390   -0.0012504817   1948849
172   0.0000716198   -0.0010899535   1948707
173   0.0000717179   -0.0010417811   1948586
174   0.0000715889   -0.0014057191   1948469
175   0.0000711897   -0.0008925442   1948363
176   0.0000709858   -0.0004167849   1948247
177   0.0000709469   -0.0012555682   1948122
178   0.0000711916   -0.0014589367   1947994
179   0.0000709279   -0.0004332945   1947867
180   0.0000707788   -0.0006294546   1947718
181   0.0000708512   -0.0002911298   1947585
182   0.0000710357   -0.0004595770   1947443
183   0.0000709123   -0.0010614556   1947326
184   0.0000706868   -0.0020372885   1947196
185   0.0000705497   -0.0008638665   1947060
186   0.0000707750   -0.0006995647   1946925
187   0.0000708025   -0.0022401047   1946784
188   0.0000708328   -0.0008630193   1946654
189   0.0000708647   -0.0007706036   1946526
190   0.0000709664   -0.0001572128   1946407
191   0.0000708028   -0.0002363487   1946277
192   0.0000710442   -0.0002630849   1946140
193   0.0000713294   -0.0010601184   1946009
194   0.0000714938   -0.0009954345   1945884
195   0.0000715426   0.0000107927   1945756
196   0.0000716294   -0.0015444766   1945643
197   0.0000714442   -0.0012104652   1945533
198   0.0000712768   -0.0005597838   1945394
199   0.0000711058   -0.0004570071   1945265
200   0.0000711975   -0.0013680327   1945129
201   0.0000708610   -0.0001249350   1945012
202   0.0000707899   0.0003491196   1944892
203   0.0000710224   -0.0000509061   1944758
204   0.0000709884   0.0001311301   1944633
205   0.0000709213   -0.0004042176   1944497
206   0.0000706884   -0.0011114168   1944365
207   0.0000704812   -0.0004891404   1944227
208   0.0000705701   -0.0008991330   1944095
209   0.0000706526   -0.0008328365   1943959
210   0.0000706978   -0.0015366578   1943829
211   0.0000706353   -0.0008998367   1943686
212   0.0000708344   -0.0001512697   1943549
213   0.0000708287   -0.0003102795   1943409
214   0.0000708615   -0.0014233733   1943271
215   0.0000705617   0.0002619480   1943134
216   0.0000707126   0.0002058682   1942991
217   0.0000708552   -0.0008219870   1942853
218   0.0000709727   -0.0002625196   1942712
219   0.0000709835   -0.0005930245   1942584
220   0.0000712670   -0.0013575688   1942443
221   0.0000712223   -0.0000453069   1942308
222   0.0000713755   -0.0003892539   1942177
223   0.0000713769   -0.0011678471   1942035
224   0.0000714428   -0.0002966158   1941906
225   0.0000712671   -0.0016263495   1941772
226   0.0000713015   -0.0006432710   1941639
227   0.0000713825   0.0004898297   1941491
228   0.0000717770   -0.0013047601   1941353
229   0.0000716487   0.0002467528   1941214
230   0.0000720979   -0.0000221526   1941084
231   0.0000722570   -0.0016708218   1940961
232   0.0000719965   -0.0006574520   1940826
233   0.0000718073   -0.0009548170   1940686
234   0.0000718298   -0.0002205555   1940555
235   0.0000718673   -0.0005947184   1940414
236   0.0000721018   0.0003648988   1940264
237   0.0000722787   0.0000190709   1940125
238   0.0000726646   -0.0002597935   1940002
239   0.0000729173   -0.0001979528   1939856
240   0.0000728036   0.0004567693   1939710
241   0.0000726081   -0.0010760023   1939587
242   0.0000723792   -0.0003485519   1939453
243   0.0000724301   -0.0013819234   1939326
244   0.0000722274   -0.0004862850   1939192
245   0.0000719280   -0.0009159011   1939074
246   0.0000716678   -0.0003460672   1938930
247   0.0000718570   -0.0007494330   1938799
248   0.0000717448   -0.0002542980   1938670
249   0.0000716567   -0.0007160031   1938539
250   0.0000715587   -0.0007243091   1938399
251   0.0000714756   -0.0015627306   1938274
252   0.0000714132   0.0001233138   1938145
253   0.0000712646   -0.0004406550   1938024
254   0.0000711764   -0.0022581226   1937893
255   0.0000709608   -0.0019574067   1937768
256   0.0000705526   -0.0015771747   1937642
257   0.0000702713   -0.0013956050   1937511
258   0.0000700652   -0.0006219740   1937380
259   0.0000700378   -0.0010014232   1937243
260   0.0000697114   -0.0006065734   1937111
261   0.0000695050   -0.0008518384   1936987
262   0.0000692872   0.0005018419   1936865
263   0.0000691816   -0.0006495471   1936734
264   0.0000689019   -0.0010301613   1936590
265   0.0000690710   -0.0009352131   1936457
266   0.0000689365   -0.0011841978   1936332
267   0.0000689992   -0.0000160107   1936209
268   0.0000688201   -0.0006384024   1936083
269   0.0000687561   -0.0005521831   1935952
270   0.0000687129   -0.0014520986   1935819
271   0.0000685540   -0.0011453351   1935678
272   0.0000686701   -0.0010250406   1935533
273   0.0000686026   -0.0008613175   1935407
274   0.0000683644   -0.0024285954   1935275
275   0.0000680603   -0.0017450799   1935155
276   0.0000677512   -0.0005669139   1935038
277   0.0000677246   -0.0010734299   1934919
278   0.0000675836   -0.0007370328   1934785
279   0.0000676478   -0.0002145086   1934654
280   0.0000676032   -0.0012018442   1934527
281   0.0000675941   -0.0008209344   1934381
282   0.0000674876   -0.0004234193   1934253
283   0.0000678586   0.0006586958   1934125
284   0.0000680961   -0.0006365040   1934002
285   0.0000681861   -0.0013506617   1933867
286   0.0000679391   -0.0019175118   1933756
287   0.0000675441   -0.0008957191   1933642
288   0.0000678036   -0.0005539140   1933513
289   0.0000675511   -0.0009780702   1933399
290   0.0000674274   0.0000253456   1933275
291   0.0000675881   -0.0001236325   1933149
292   0.0000677363   0.0004459323   1933029
293   0.0000677532   -0.0011562948   1932898
294   0.0000675899   0.0000796785   1932768
295   0.0000676299   -0.0001769607   1932633
296   0.0000676397   -0.0007037520   1932499
297   0.0000673905   -0.0009625511   1932365
298   0.0000672971   -0.0002209889   1932224
299   0.0000674574   -0.0003566088   1932089
300   0.0000675227   0.0002085972   1931953
301   0.0000678016   -0.0002650372   1931804
302   0.0000682296   -0.0005875702   1931684
303   0.0000683893   0.0000947428   1931546
304   0.0000683208   -0.0005094681   1931426
305   0.0000684384   -0.0004918956   1931304
306   0.0000687752   -0.0005633849   1931184
307   0.0000690676   -0.0008373609   1931067
308   0.0000692731   -0.0003350688   1930947
309   0.0000695083   -0.0006473896   1930831
310   0.0000693812   -0.0008214599   1930709
311   0.0000692687   -0.0008888438   1930598
312   0.0000690679   0.0000051801   1930470
313   0.0000690920   -0.0008309408   1930342
314   0.0000690648   0.0001973874   1930214
315   0.0000690706   -0.0003999824   1930085
316   0.0000692370   -0.0002927526   1929957
317   0.0000692726   -0.0004254272   1929825
318   0.0000691131   -0.0003772605   1929701
319   0.0000689527   -0.0008095030   1929579
320   0.0000689253   -0.0007333658   1929460
321   0.0000688927   -0.0000108846   1929339
322   0.0000691846   -0.0001352885   1929210
323   0.0000693611   0.0002690393   1929086
324   0.0000692007   0.0000202181   1928969
325   0.0000691527   0.0005412574   1928842
326   0.0000694209   -0.0003390846   1928722
327   0.0000695926   -0.0009939894   1928592
328   0.0000693803   -0.0002364565   1928473
329   0.0000691263   -0.0013825420   1928332
330   0.0000692847   -0.0013146881   1928214
331   0.0000692185   -0.0010492287   1928083
332   0.0000689790   -0.0011696367   1927949
333   0.0000689795   -0.0015992099   1927827
334   0.0000687668   -0.0015868586   1927708
335   0.0000685849   -0.0011848980   1927592
336   0.0000685524   -0.0007870392   1927477
337   0.0000688186   0.0001058439   1927366
338   0.0000692344   0.0002137763   1927248
339   0.0000694711   -0.0004945160   1927137
340   0.0000696559   -0.0017498594   1927012
341   0.0000694825   -0.0017536048   1926888
342   0.0000693862   -0.0008158779   1926759
343   0.0000692824   -0.0012732063   1926632
344   0.0000692736   -0.0011082228   1926508
345   0.0000692161   -0.0020686340   1926392
346   0.0000689186   -0.0023070434   1926275
347   0.0000686129   -0.0013114189   1926158
348   0.0000684419   -0.0018862625   1926031
349   0.0000684133   -0.0015369358   1925910
350   0.0000685924   -0.0012524795   1925780
351   0.0000687302   -0.0005972065   1925632
352   0.0000686046   -0.0012287647   1925511
353   0.0000684189   -0.0010195448   1925369
354   0.0000681214   -0.0013281544   1925228
355   0.0000679478   -0.0016134227   1925100
356   0.0000676317   -0.0004275409   1924962
357   0.0000674874   -0.0004047098   1924836
358   0.0000674562   -0.0014802291   1924702
359   0.0000673561   -0.0011649343   1924572
360   0.0000672395   -0.0008890884   1924443
361   0.0000671272   -0.0017985770   1924299
362   0.0000668977   -0.0015383256   1924170
363   0.0000667211   -0.0009599617   1924035
364   0.0000664180   -0.0008903766   1923905
365   0.0000665808   -0.0012402640   1923784
366   0.0000663584   -0.0007646870   1923663
367   0.0000662849   -0.0007200281   1923536
368   0.0000659842   -0.0017910907   1923409
369   0.0000658222   -0.0006702120   1923272
370   0.0000657085   -0.0024246679   1923150
371   0.0000652753   -0.0021788532   1923030
372   0.0000651835   -0.0015902956   1922913
373   0.0000651063   -0.0010817693   1922776
374   0.0000648520   -0.0009944603   1922651
375   0.0000648861   -0.0009419840   1922538
376   0.0000647664   -0.0015215182   1922422
377   0.0000647617   -0.0002288918   1922306
378   0.0000647433   -0.0006700715   1922183
379   0.0000646016   -0.0012809167   1922061
380   0.0000645901   -0.0008564232   1921947
381   0.0000644209   -0.0012123842   1921833
382   0.0000644806   -0.0015886826   1921718
383   0.0000640821   -0.0023751189   1921588
384   0.0000639532   -0.0005188744   1921467
385   0.0000639734   -0.0009966981   1921344
386   0.0000640603   -0.0012518120   1921215
387   0.0000641050   -0.0004346473   1921098
388   0.0000639850   -0.0004414390   1920990
389   0.0000641117   0.0004279327   1920863
390   0.0000641692   -0.0002046078   1920748
391   0.0000640997   0.0004389180   1920632
392   0.0000641356   -0.0007940636   1920501
393   0.0000640458   -0.0004155434   1920377
394   0.0000638918   -0.0003239165   1920248
395   0.0000637598   -0.0003395610   1920126
396   0.0000638834   0.0002838533   1920006
397   0.0000639917   -0.0004677351   1919890
398   0.0000640515   0.0002995143   1919775
399   0.0000639652   0.0005339509   1919652
400   0.0000642040   0.0009820143   1919524
401   0.0000646527   -0.0008205664   1919406
402   0.0000644926   -0.0002823965   1919287
403   0.0000643983   -0.0005882767   1919165
404   0.0000640419   -0.0010031036   1919044
405   0.0000636272   -0.0009161384   1918924
406   0.0000632039   -0.0003590769   1918809
407   0.0000630648   -0.0005097241   1918685
408   0.0000629555   -0.0018545091   1918567
409   0.0000626476   -0.0004826823   1918446
410   0.0000624205   -0.0012265864   1918332
411   0.0000618982   -0.0014951564   1918194
412   0.0000616128   -0.0005933029   1918076
413   0.0000616843   -0.0006032489   1917948
414   0.0000614386   -0.0007706639   1917827
415   0.0000612203   -0.0001371432   1917704
416   0.0000612134   0.0001449747   1917576
417   0.0000612586   0.0001282951   1917454
418   0.0000612070   -0.0001303901   1917324
419   0.0000610259   -0.0005148117   1917206
420   0.0000612223   -0.0009378896   1917070
421   0.0000614580   -0.0005315775   1916936
422   0.0000616755   -0.0006281243   1916818
423   0.0000614126   -0.0013549400   1916690
424   0.0000612896   -0.0017750488   1916567
425   0.0000610370   -0.0005698029   1916452
426   0.0000610423   -0.0004581653   1916339
427   0.0000611241   -0.0001936104   1916219
428   0.0000610986   -0.0004963212   1916098
429   0.0000608304   -0.0011518855   1915989
430   0.0000607952   -0.0004441867   1915861
431   0.0000607481   -0.0010580768   1915740
432   0.0000605292   -0.0003288742   1915626
433   0.0000604989   -0.0002150889   1915487
434   0.0000605501   0.0001534964   1915354
435   0.0000605788   -0.0005351824   1915235
436   0.0000604154   -0.0005409597   1915115
437   0.0000603011   -0.0006882535   1914992
438   0.0000601338   -0.0010888462   1914871
439   0.0000597474   -0.0003953506   1914756
440   0.0000599100   -0.0007186763   1914631
441   0.0000599270   -0.0005782155   1914511
442   0.0000598916   -0.0013847775   1914387
443   0.0000598131   -0.0001603747   1914267
444   0.0000600897   -0.0001833715   1914147
445   0.0000601781   -0.0002492142   1914016
446   0.0000603309   -0.0000830769   1913890
447   0.0000602526   -0.0004368334   1913773
448   0.0000602109   -0.0005601863   1913649
449   0.0000604108   -0.0011188827   1913516
450   0.0000603977   -0.0002059152   1913409
451   0.0000603102   -0.0005346789   1913298
452   0.0000601698   0.0001259687   1913174
453   0.0000605632   -0.0010041520   1913057
454   0.0000602463   -0.0002415139   1912933
455   0.0000600498   0.0003816361   1912817
456   0.0000604242   0.0001558005   1912703
457   0.0000604549   -0.0011225709   1912574
458   0.0000600434   0.0000538573   1912460
459   0.0000600221   -0.0008727514   1912343
460   0.0000597832   -0.0005825650   1912233
461   0.0000596112   -0.0005977686   1912111
462   0.0000595641   -0.0003577421   1911992
463   0.0000592907   -0.0007348841   1911866
464   0.0000587833   -0.0015723780   1911754
465   0.0000586600   -0.0000303404   1911641
466   0.0000587173   -0.0003724783   1911521
467   0.0000587483   0.0000941720   1911396
468   0.0000586705   -0.0000554603   1911276
469   0.0000584567   0.0000062789   1911158
470   0.0000583420   -0.0004850770   1911037
471   0.0000581709   -0.0008168797   1910930
472   0.0000577106   -0.0005123511   1910799
473   0.0000576170   -0.0013204723   1910680
474   0.0000571910   -0.0013959207   1910567
475   0.0000569182   -0.0006694751   1910452
476   0.0000564911   -0.0006234489   1910341
477   0.0000564057   -0.0006465204   1910226
478   0.0000564275   0.0000900473   1910107
479   0.0000567893   -0.0011916330   1909984
480   0.0000566012   -0.0006785898   1909843
481   0.0000565721   -0.0003440284   1909726
482   0.0000565114   -0.0006346816   1909619
483   0.0000564467   -0.0002843678   1909499
484   0.0000563298   -0.0019807591   1909369
485   0.0000559799   -0.0003928261   1909242
486   0.0000558051   -0.0009009363   1909125
487   0.0000557663   -0.0004269208   1909019
488   0.0000556209   -0.0016768785   1908904
489   0.0000556252   -0.0005548049   1908779
490   0.0000555514   0.0000586799   1908662
491   0.0000556587   0.0003201408   1908535
492   0.0000558776   0.0002981535   1908413
493   0.0000559378   -0.0000057644   1908272
494   0.0000557710   0.0000980009   1908145
495   0.0000558979   0.0001928696   1908025
496   0.0000560853   0.0005875579   1907897
497   0.0000562416   -0.0005986025   1907777
498   0.0000562571   0.0003648462   1907653
499   0.0000562872   -0.0007234505   1907525
500   0.0000563456   0.0002270112   1907395
501   0.0000565123   0.0001635847   1907269
502   0.0000566712   0.0001373782   1907144
503   0.0000569476   0.0012370027   1907029
504   0.0000574236   0.0004966121   1906921
505   0.0000573799   0.0004027690   1906800
506   0.0000574281   -0.0001127622   1906668
507   0.0000575353   -0.0001022791   1906547
508   0.0000576950   0.0003225925   1906430
509   0.0000579172   -0.0003435938   1906321
510   0.0000581225   -0.0004317481   1906204
511   0.0000581289   -0.0001238142   1906082
512   0.0000579851   -0.0011054855   1905950
513   0.0000579049   -0.0001988648   1905817
514   0.0000580466   0.0002413815   1905697
515   0.0000581636   0.0000624482   1905579
516   0.0000581227   -0.0002330148   1905458
517   0.0000584341   -0.0001485307   1905330
518   0.0000585802   0.0007196038   1905215
519   0.0000589225   0.0002514298   1905104
520   0.0000589713   0.0006892479   1904975
521   0.0000591820   0.0004026583   1904841
522   0.0000591175   0.0004079314   1904732
523   0.0000591773   -0.0000787561   1904614
524   0.0000593079   0.0005954372   1904483
525   0.0000597016   0.0002699079   1904353
526   0.0000595557   0.0001664705   1904241
527   0.0000596211   -0.0005913477   1904125
528   0.0000598541   -0.0000231092   1904006
529   0.0000598299   0.0002374094   1903884
530   0.0000601930   0.0009076755   1903764
531   0.0000604223   0.0002059203   1903649
532   0.0000606593   0.0000152349   1903523
533   0.0000605856   -0.0000709255   1903405
534   0.0000606839   0.0004991370   1903285
535   0.0000606655   -0.0001576316   1903172
536   0.0000605794   0.0003415566   1903052
537   0.0000605080   -0.0000010510   1902937
538   0.0000602620   0.0008024957   1902814
539   0.0000603716   -0.0001518892   1902703
540   0.0000603229   -0.0001024931   1902567
541   0.0000603221   -0.0007369468   1902444
542   0.0000602372   -0.0005997968   1902311
543   0.0000602362   0.0005230818   1902188
544   0.0000602538   0.0002544611   1902059
545   0.0000604000   0.0011435722   1901935
546   0.0000610182   0.0008244751   1901816
547   0.0000613102   0.0003560012   1901679
548   0.0000613145   0.0007609570   1901553
549   0.0000617371   0.0004791131   1901430
550   0.0000616549   0.0010534825   1901313
551   0.0000620059   0.0002640460   1901184
552   0.0000620538   0.0014697110   1901054
553   0.0000621137   0.0005476296   1900920
554   0.0000622832   -0.0003488001   1900802
555   0.0000622605   0.0001862486   1900685
556   0.0000620984   -0.0007650361   1900564
557   0.0000622767   0.0002104774   1900442
558   0.0000622627   0.0004867604   1900319
559   0.0000626671   0.0003831188   1900194
560   0.0000626999   0.0004331410   1900074
561   0.0000629733   0.0000126319   1899946
562   0.0000630486   -0.0006537472   1899817
563   0.0000631832   -0.0002253003   1899687
564   0.0000632909   -0.0008970428   1899575
565   0.0000630525   -0.0004527626   1899450
566   0.0000629330   -0.0003153732   1899337
567   0.0000629379   -0.0004575565   1899219
568   0.0000631346   0.0001811394   1899090
569   0.0000631399   -0.0003939013   1898953
570   0.0000630332   0.0000105328   1898835
571   0.0000630061   -0.0006393795   1898716
572   0.0000627862   -0.0007226446   1898582
573   0.0000625848   -0.0000779580   1898459
574   0.0000628117   0.0001654078   1898338
575   0.0000629121   -0.0007501804   1898210
576   0.0000629048   -0.0004599392   1898077
577   0.0000630671   -0.0013556818   1897938
578   0.0000628254   -0.0005084854   1897793
579   0.0000625084   -0.0015851184   1897650
580   0.0000620928   -0.0010297641   1897522
581   0.0000617960   -0.0008975468   1897394
582   0.0000616487   0.0002356029   1897260
583   0.0000618181   -0.0010916559   1897118
584   0.0000617815   -0.0009710125   1896989
585   0.0000615869   -0.0007343681   1896869
586   0.0000613732   -0.0001734565   1896729
587   0.0000613120   0.0003163559   1896598
588   0.0000613117   -0.0006411946   1896460
589   0.0000608170   -0.0008337240   1896311
590   0.0000607202   -0.0002842572   1896170
591   0.0000606088   -0.0001587533   1896023
592   0.0000604866   -0.0003708058   1895871
593   0.0000604199   -0.0000094950   1895734
594   0.0000602290   -0.0003539791   1895592
595   0.0000601689   0.0006879636   1895449
596   0.0000600832   0.0001609223   1895325
597   0.0000598821   0.0007999130   1895206
598   0.0000598483   0.0000153028   1895073
599   0.0000598579   -0.0003583212   1894948
600   0.0000598956   -0.0000438034   1894830
601   0.0000599387   0.0001984465   1894717
602   0.0000598720   -0.0003425489   1894620
603   0.0000598265   -0.0008551006   1894514
604   0.0000597156   -0.0007242360   1894410
605   0.0000592203   0.0000865754   1894302
606   0.0000592768   0.0001346225   1894186
607   0.0000591062   0.0006499208   1894077
608   0.0000591209   -0.0003870200   1893959
609   0.0000592836   -0.0001061337   1893837
610   0.0000594638   -0.0001937987   1893718
611   0.0000593298   -0.0004937690   1893598
612   0.0000591616   -0.0002323760   1893483
613   0.0000591140   0.0000776398   1893359
614   0.0000592262   0.0007901765   1893248
615   0.0000594219   -0.0000670843   1893140
616   0.0000594249   0.0000501841   1893028
617   0.0000596780   0.0011019953   1892930
618   0.0000598415   0.0004073279   1892824
619   0.0000600141   0.0004258453   1892706
620   0.0000601243   0.0003376318   1892594
621   0.0000598876   -0.0001025105   1892489
622   0.0000597008   0.0006330669   1892375
623   0.0000598607   -0.0001527277   1892257
624   0.0000598154   0.0001426946   1892153
625   0.0000596946   0.0002299109   1892037
626   0.0000597128   -0.0003171355   1891936
627   0.0000594932   -0.0003129249   1891828
628   0.0000591161   -0.0004445725   1891705
629   0.0000589109   -0.0007575629   1891592
630   0.0000586559   -0.0011773874   1891476
631   0.0000583256   -0.0000798369   1891356
632   0.0000583759   0.0002025125   1891241
633   0.0000586318   0.0003405370   1891131
634   0.0000587026   0.0001311468   1891011
635   0.0000586677   -0.0003532737   1890885
636   0.0000584978   -0.0002305933   1890775
637   0.0000582200   -0.0001845920   1890656
638   0.0000581847   0.0001708506   1890541
639   0.0000581886   0.0001682153   1890435
640   0.0000580846   0.0002020823   1890319
641   0.0000582491   0.0000290973   1890209
642   0.0000585002   -0.0003904599   1890079
643   0.0000582408   0.0000455032   1889977
644   0.0000581111   0.0004825754   1889860
645   0.0000580706   0.0006699348   1889736
646   0.0000579790   0.0012505193   1889615
647   0.0000580849   -0.0003847577   1889501
648   0.0000577576   0.0000037049   1889380
649   0.0000576388   0.0002736527   1889256
650   0.0000576738   -0.0003356023   1889141
651   0.0000575750   0.0000714656   1889022
652   0.0000575921   0.0005061133   1888905
653   0.0000578737   -0.0009651733   1888780
654   0.0000577360   -0.0013596971   1888656
655   0.0000576152   -0.0003049994   1888528
656   0.0000577110   -0.0001991096   1888407
657   0.0000577414   -0.0002234821   1888294
658   0.0000578936   -0.0005126673   1888164
659   0.0000575843   -0.0006843021   1888055
660   0.0000575716   -0.0005233234   1887934
661   0.0000574512   -0.0003888124   1887800
662   0.0000572837   -0.0001652816   1887687
663   0.0000570276   0.0000206615   1887566
664   0.0000570036   -0.0006733985   1887441
665   0.0000569075   0.0008636576   1887322
666   0.0000568064   0.0000005299   1887197
667   0.0000570674   -0.0003009932   1887086
668   0.0000569075   -0.0004456876   1886972
669   0.0000568754   0.0006730845   1886836
670   0.0000571270   -0.0002904505   1886724
671   0.0000571155   -0.0003991303   1886602
672   0.0000571675   -0.0001690978   1886482
673   0.0000572374   -0.0008455438   1886360
674   0.0000570401   -0.0009283003   1886243
675   0.0000567114   -0.0002083642   1886121
676   0.0000565418   -0.0004400862   1885994
677   0.0000565269   -0.0010467340   1885866
678   0.0000566330   -0.0000880291   1885741
679   0.0000567662   -0.0005711652   1885619
680   0.0000563425   -0.0007053817   1885504
681   0.0000563206   -0.0008592359   1885396
682   0.0000562117   -0.0016230933   1885289
683   0.0000559575   -0.0010418136   1885174
684   0.0000557516   -0.0007389701   1885056
685   0.0000556860   -0.0005543943   1884940
686   0.0000556884   -0.0010064557   1884832
687   0.0000554059   -0.0004536495   1884715
688   0.0000557582   -0.0000461633   1884613
689   0.0000556654   0.0000313079   1884511
690   0.0000557188   -0.0008724211   1884411
691   0.0000558510   -0.0003433652   1884291
692   0.0000556055   -0.0017843221   1884189
693   0.0000553027   -0.0009176937   1884071
694   0.0000551067   -0.0010600052   1883953
695   0.0000552288   -0.0002181717   1883837
696   0.0000553553   -0.0006879996   1883722
697   0.0000555555   -0.0003886151   1883612
698   0.0000557113   0.0001051236   1883498
699   0.0000557355   -0.0001534461   1883397
700   0.0000556894   -0.0001247819   1883286
701   0.0000558667   -0.0004126024   1883169
702   0.0000558522   -0.0006600951   1883062
703   0.0000555973   -0.0013473646   1882935
704   0.0000552211   -0.0005937873   1882829
705   0.0000552077   -0.0006894281   1882720
706   0.0000550528   -0.0005067422   1882614
707   0.0000546586   0.0003091629   1882503
708   0.0000547260   0.0009535795   1882381
709   0.0000548721   -0.0005132101   1882270
710   0.0000548781   -0.0004287632   1882158
711   0.0000546830   0.0001466501   1882031
712   0.0000547507   -0.0003793992   1881923
713   0.0000546610   -0.0013609252   1881808
714   0.0000545421   -0.0003767859   1881705
715   0.0000543168   -0.0004145428   1881591
716   0.0000540224   -0.0002009055   1881482
717   0.0000536432   -0.0008036697   1881370
718   0.0000534119   -0.0004353500   1881245
719   0.0000532840   -0.0004236851   1881114
720   0.0000534061   0.0002493363   1880994
721   0.0000534494   -0.0005656951   1880872
722   0.0000532778   -0.0007060979   1880759
723   0.0000529979   -0.0000218009   1880657
724   0.0000532308   -0.0003669143   1880548
725   0.0000532662   0.0001068904   1880431
726   0.0000532380   0.0001414653   1880320
727   0.0000533324   -0.0003600673   1880204
728   0.0000531805   -0.0012127118   1880084
729   0.0000529520   -0.0006819243   1879974
730   0.0000527657   0.0005750440   1879856
731   0.0000527561   -0.0006091265   1879741
732   0.0000524835   -0.0011837499   1879620
733   0.0000521479   -0.0006698622   1879491
734   0.0000518921   -0.0002101757   1879380
735   0.0000522487   -0.0001138737   1879275
736   0.0000522960   -0.0002389360   1879164
737   0.0000525520   -0.0001617840   1879049
738   0.0000524837   -0.0001921303   1878933
739   0.0000523243   0.0001266754   1878818
740   0.0000521360   -0.0006967551   1878709
741   0.0000520255   0.0000729274   1878581
742   0.0000519927   0.0002283773   1878470
743   0.0000519960   0.0000239571   1878359
744   0.0000520563   -0.0004328520   1878240
745   0.0000520617   -0.0007709837   1878120
746   0.0000520424   -0.0009414245   1878005
747   0.0000518416   -0.0008882305   1877891
748   0.0000517587   -0.0016705862   1877784
749   0.0000514433   -0.0005522779   1877678
750   0.0000514733   -0.0004234228   1877556
751   0.0000514181   -0.0017571781   1877442
752   0.0000512086   -0.0007531946   1877337
753   0.0000512176   -0.0013168367   1877226
754   0.0000511489   -0.0011784123   1877102
755   0.0000509435   0.0001379873   1876984
756   0.0000511607   -0.0008716593   1876880
757   0.0000511641   -0.0003383455   1876780
758   0.0000510541   -0.0000154529   1876668
759   0.0000508379   -0.0008803361   1876556
760   0.0000509609   -0.0012635690   1876431
761   0.0000506640   -0.0002643474   1876319
762   0.0000506391   -0.0008346614   1876210
763   0.0000502421   -0.0006929309   1876089
764   0.0000500871   -0.0005048052   1875971
765   0.0000499661   -0.0009558359   1875845
766   0.0000498619   -0.0011083708   1875726
767   0.0000499227   0.0001386224   1875599
768   0.0000498781   -0.0007203501   1875477
769   0.0000495720   -0.0016386135   1875366
770   0.0000495990   -0.0017080353   1875254
771   0.0000496123   -0.0006095525   1875146
772   0.0000498062   0.0004101231   1875047
773   0.0000498904   0.0006042860   1874940
774   0.0000500026   -0.0003402977   1874829
775   0.0000498025   -0.0004491361   1874710
776   0.0000500625   -0.0005067759   1874596
777   0.0000499460   -0.0013806451   1874486
778   0.0000497597   -0.0010616901   1874370
779   0.0000494833   -0.0000912362   1874256
780   0.0000496661   -0.0003361526   1874149
781   0.0000496905   -0.0000805744   1874045
782   0.0000496768   0.0002049167   1873932
783   0.0000498320   0.0001697069   1873819
784   0.0000497469   0.0007087566   1873704
785   0.0000498797   0.0000859319   1873577
786   0.0000497298   -0.0003490880   1873453
787   0.0000497574   0.0000453734   1873344
788   0.0000496860   -0.0014221471   1873224
789   0.0000497329   0.0000373708   1873119
790   0.0000495569   0.0005766132   1873006
791   0.0000495381   -0.0004719945   1872903
792   0.0000495818   -0.0002381475   1872789
793   0.0000495056   -0.0004394785   1872674
794   0.0000491802   -0.0007791527   1872547
795   0.0000492952   0.0000544748   1872427
796   0.0000494211   0.0004384958   1872310
797   0.0000496256   0.0006238656   1872198
798   0.0000496369   0.0002093916   1872090
799   0.0000495786   0.0001789561   1871967
800   0.0000497785   0.0001533238   1871856
801   0.0000497143   -0.0003873412   1871735
802   0.0000495019   0.0000721298   1871626
803   0.0000494995   -0.0006016522   1871513
804   0.0000495722   0.0008501634   1871405
805   0.0000492988   0.0003404045   1871303
806   0.0000494625   0.0000053442   1871191
807   0.0000495195   0.0008390853   1871085
808   0.0000494629   -0.0001630170   1870971
809   0.0000494152   0.0005660541   1870846
810   0.0000494948   0.0001667793   1870736
811   0.0000492130   -0.0005399242   1870633
812   0.0000491333   -0.0006992723   1870516
813   0.0000489503   -0.0002090452   1870409
814   0.0000486529   -0.0000668344   1870294
815   0.0000487810   0.0003625325   1870177
816   0.0000486728   0.0007299208   1870066
817   0.0000487531   0.0001598973   1869950
818   0.0000487956   0.0011883370   1869840
819   0.0000484963   -0.0002668829   1869734
820   0.0000481349   0.0000898577   1869622
821   0.0000480596   0.0008777720   1869506
822   0.0000482410   -0.0004932080   1869394
823   0.0000481387   -0.0002771109   1869288
824   0.0000479792   0.0001877834   1869175
825   0.0000477760   -0.0003466969   1869068
826   0.0000476154   -0.0004028987   1868956
827   0.0000474830   -0.0001348435   1868833
828   0.0000474076   0.0004500433   1868709
829   0.0000473172   0.0001605494   1868584
830   0.0000472863   -0.0000326471   1868468
831   0.0000474236   0.0002986589   1868352
832   0.0000475646   -0.0008944333   1868222
833   0.0000474364   -0.0004737454   1868092
834   0.0000471379   -0.0010026933   1867969
835   0.0000470510   -0.0005139585   1867855
836   0.0000469683   -0.0007078054   1867745
837   0.0000469912   -0.0006248588   1867622
838   0.0000470362   -0.0002393577   1867498
839   0.0000470353   0.0005328352   1867369
840   0.0000471759   0.0004321875   1867245
841   0.0000470623   0.0006089612   1867114
842   0.0000470876   0.0007482600   1866998
843   0.0000470327   0.0001151658   1866873
844   0.0000469514   0.0006513998   1866749
845   0.0000468080   -0.0003133978   1866637
846   0.0000464897   0.0003868161   1866520
847   0.0000467266   0.0002400345   1866398
848   0.0000468874   0.0015356794   1866275
849   0.0000470186   0.0011135201   1866154
850   0.0000470010   0.0011082310   1866037
851   0.0000469259   0.0006549045   1865921
852   0.0000472545   0.0018753310   1865804
853   0.0000477158   0.0010746677   1865693
854   0.0000478509   0.0013314908   1865578
855   0.0000482596   0.0011037374   1865480
856   0.0000487232   0.0001897747   1865370
857   0.0000486434   0.0005505920   1865265
858   0.0000486252   0.0002686089   1865165
859   0.0000486436   0.0006487723   1865061
860   0.0000486660   0.0005984110   1864939
861   0.0000486161   0.0004429351   1864833
862   0.0000488768   -0.0007084204   1864712
863   0.0000487612   0.0010259667   1864583
864   0.0000485495   -0.0001582234   1864453
865   0.0000482456   -0.0002805285   1864338
866   0.0000482990   0.0009381895   1864229
867   0.0000482541   0.0005305430   1864128
868   0.0000483944   0.0004989252   1864007
869   0.0000483612   0.0004479888   1863886
870   0.0000483891   -0.0002393015   1863758
871   0.0000482399   -0.0008660452   1863644
872   0.0000479668   0.0001062504   1863523
873   0.0000479824   0.0008334214   1863403
874   0.0000479928   0.0007422363   1863288
875   0.0000479223   0.0001089546   1863162
876   0.0000479826   0.0007895672   1863046
877   0.0000479622   0.0002093465   1862940
878   0.0000481013   0.0007520855   1862820
879   0.0000477813   0.0003800926   1862704
880   0.0000478439   0.0004826641   1862579
881   0.0000478205   0.0001267141   1862461
882   0.0000475724   0.0007447632   1862337
883   0.0000476754   0.0010492915   1862209
884   0.0000476815   0.0006036257   1862081
885   0.0000476021   -0.0006127945   1861962
886   0.0000472819   -0.0003598610   1861830
887   0.0000469109   -0.0009126048   1861704
888   0.0000466347   -0.0009395295   1861570
889   0.0000462116   -0.0015713599   1861445
890   0.0000461567   -0.0006226767   1861319
891   0.0000458840   -0.0016242340   1861185
892   0.0000455929   -0.0003385140   1861075
893   0.0000455638   -0.0004347230   1860955
894   0.0000452981   -0.0000994171   1860846
895   0.0000454498   -0.0000182724   1860727
896   0.0000456945   0.0008782090   1860605
897   0.0000460855   0.0004805181   1860492
898   0.0000462939   0.0003252038   1860372
899   0.0000462122   -0.0001290155   1860242
900   0.0000459611   -0.0001327878   1860111
901   0.0000458411   -0.0005102208   1859979
902   0.0000458094   -0.0000526922   1859857
903   0.0000457681   -0.0006764419   1859731
904   0.0000455624   -0.0001613233   1859620
905   0.0000451949   -0.0007598768   1859512
906   0.0000448731   -0.0001210072   1859393
907   0.0000448876   -0.0003280868   1859264
908   0.0000449094   -0.0005292716   1859159
909   0.0000450153   -0.0005696473   1859045
910   0.0000446603   -0.0006891028   1858939
911   0.0000446384   0.0001285757   1858827
912   0.0000448234   0.0003647689   1858711
913   0.0000450754   0.0001619493   1858606
914   0.0000454567   -0.0003454419   1858489
915   0.0000455812   0.0005913788   1858369
916   0.0000454105   0.0001183901   1858264
917   0.0000453310   -0.0001485343   1858157
918   0.0000453673   0.0000715808   1858041
919   0.0000454649   0.0001097990   1857941
920   0.0000456882   -0.0008784395   1857840
921   0.0000457433   -0.0001178849   1857744
922   0.0000458357   -0.0005388555   1857641
923   0.0000458979   -0.0005663398   1857542
924   0.0000460253   0.0002018912   1857436
925   0.0000460339   -0.0000204595   1857328
926   0.0000460680   0.0001556092   1857217
927   0.0000460491   0.0004205473   1857104
928   0.0000463837   0.0004754991   1856996
929   0.0000462907   0.0006629382   1856885
930   0.0000464537   0.0006435928   1856764
931   0.0000467005   0.0005784637   1856642
932   0.0000467935   0.0006986170   1856525
933   0.0000469012   0.0006997380   1856409
934   0.0000469403   0.0006733858   1856291
935   0.0000472170   0.0009912848   1856177
936   0.0000476316   -0.0012133222   1856061
937   0.0000475565   0.0001950488   1855946
938   0.0000478707   -0.0004273007   1855836
939   0.0000479840   0.0003658957   1855720
940   0.0000481189   0.0003939405   1855610
941   0.0000482374   0.0010897362   1855495
942   0.0000483532   0.0007885135   1855390
943   0.0000484191   0.0013022307   1855278
944   0.0000486832   0.0016731756   1855155
945   0.0000488618   0.0009358319   1855034
946   0.0000488232   -0.0001633507   1854905
947   0.0000489802   0.0002873636   1854793
948   0.0000489855   0.0003499248   1854684
949   0.0000491234   0.0012035122   1854572
950   0.0000492166   0.0013146720   1854455
951   0.0000494290   -0.0002696367   1854347
952   0.0000494651   -0.0000474590   1854234
953   0.0000496222   0.0002594225   1854118
954   0.0000501184   0.0002513479   1854004
955   0.0000503108   0.0000782137   1853896
956   0.0000503603   -0.0000194197   1853784
957   0.0000504081   0.0004623238   1853679
958   0.0000508518   -0.0004936433   1853565
959   0.0000510284   -0.0000658232   1853449
960   0.0000511600   -0.0002330923   1853343
961   0.0000513982   -0.0001537851   1853236
962   0.0000513062   0.0012098495   1853123
963   0.0000513852   -0.0004506199   1853003
964   0.0000510545   0.0000680011   1852911
965   0.0000508395   -0.0003950760   1852808
966   0.0000506296   -0.0012635627   1852698
967   0.0000505888   0.0000145742   1852594
968   0.0000501359   0.0002860997   1852501
969   0.0000504427   -0.0004129787   1852396
970   0.0000502139   0.0002548208   1852282
971   0.0000504403   0.0003379812   1852174
972   0.0000504652   -0.0003347618   1852063
973   0.0000503719   -0.0001387715   1851965
974   0.0000504056   0.0005070611   1851848
975   0.0000502905   0.0003488613   1851739
976   0.0000504051   0.0004217896   1851634
977   0.0000505206   -0.0009019607   1851522
978   0.0000499797   0.0003089537   1851410
979   0.0000501204   0.0002317284   1851305
980   0.0000502984   0.0003781327   1851202
981   0.0000502435   0.0003803132   1851106
982   0.0000503886   0.0007012460   1850991
983   0.0000510261   -0.0000810423   1850885
984   0.0000510886   -0.0002301748   1850767
985   0.0000512682   0.0000389052   1850653
986   0.0000513420   0.0008483983   1850546
987   0.0000513692   0.0008743895   1850434
988   0.0000512772   0.0009252399   1850331
989   0.0000514159   -0.0004658918   1850215
990   0.0000517934   0.0005599667   1850110
991   0.0000521838   -0.0007145930   1850004
992   0.0000522631   0.0006184138   1849894
993   0.0000525361   0.0000989296   1849801
994   0.0000527396   -0.0004027685   1849698
995   0.0000527309   0.0001292175   1849594
996   0.0000527318   0.0003341474   1849483
997   0.0000528472   -0.0004428511   1849380
998   0.0000525046   -0.0001735813   1849278
999   0.0000522491   -0.0007435785   1849166
1000   0.0000519842   0.0003780299   1849060
