0   0.0000000000   0.1254142801   2456068
1   0.0000475714   0.0362928757   2455909
2   0.0000499306   0.0089548179   2455773
3   0.0000475533   0.0075801507   2455624
4   0.0000471032   0.0088284416   2455473
5   0.0000478501   0.0091022610   2455324
6   0.0000491657   0.0097341766   2455164
7   0.0000504388   0.0096093491   2455005
8   0.0000518725   0.0089333142   2454856
9   0.0000528451   0.0081676068   2454697
10   0.0000538881   0.0074058774   2454537
11   0.0000548051   0.0066831596   2454378
12   0.0000553138   0.0065992077   2454234
13   0.0000557700   0.0049350449   2454081
14   0.0000557929   0.0043648316   2453932
15   0.0000557834   0.0045692731   2453782
16   0.0000561984   0.0034695589   2453626
17   0.0000561093   0.0041850810   2453477
18   0.0000562054   0.0033175222   2453337
19   0.0000562481   0.0030022159   2453188
20   0.0000562321   0.0030713011   2453032
21   0.0000565235   0.0029259519   2452877
22   0.0000568527   0.0035715421   2452722
23   0.0000573013   0.0022095172   2452572
24   0.0000573788   0.0024783693   2452419
25   0.0000575847   0.0032598328   2452273
26   0.0000580147   0.0023608095   2452125
27   0.0000582496   0.0021582593   2451976
28   0.0000583268   0.0012680340   2451827
29   0.0000582699   0.0025916975   2451675
30   0.0000583058   0.0014272784   2451519
31   0.0000584246   0.0020547769   2451361
32   0.0000585256   0.0018917180   2451211
33   0.0000586436   0.0017425114   2451060
34   0.0000585788   0.0010795981   2450912
35   0.0000586374   0.0001220035   2450750
36   0.0000583873   0.0010291408   2450588
37   0.0000584291   0.0015972550   2450454
38   0.0000584741   0.0018605847   2450305
39   0.0000585750   0.0011154396   2450155
40   0.0000587697   0.0009930604   2450002
41   0.0000589251   -0.0001391920   2449854
42   0.0000589478   0.0003175884   2449712
43   0.0000589863   0.0001657438   2449564
44   0.0000592016   0.0003878482   2449412
45   0.0000592336   0.0006418276   2449256
46   0.0000590556   0.0006410482   2449114
47   0.0000590904   0.0005679978   2448953
48   0.0000588909   0.0007044241   2448809
49   0.0000587363   0.0002397245   2448644
50   0.0000586756   0.0010169496   2448499
51   0.0000589331   0.0009945498   2448344
52   0.0000589550   0.0011216404   2448200
53   0.0000586862   0.0000155225   2448059
54   0.0000584689   0.0004514083   2447895
55   0.0000584506   0.0011447294   2447740
56   0.0000586117   0.0001229784   2447585
57   0.0000585442   -0.0001270725   2447421
58   0.0000585925   0.0001945039   2447252
59   0.0000585886   -0.0006350400   2447090
60   0.0000584849   -0.0006461171   2446925
61   0.0000584243   -0.0004855395   2446763
62   0.0000580143   -0.0000040873   2446609
63   0.0000578368   0.0005591748   2446462
64   0.0000576821   -0.0005101544   2446318
65   0.0000574724   -0.0004047146   2446168
66   0.0000572915   0.0008487292   2446010
67   0.0000574271   -0.0003323977   2445865
68   0.0000574249   -0.0001386097   2445716
69   0.0000571182   -0.0007470657   2445568
70   0.0000568958   -0.0010681192   2445420
71   0.0000567901   -0.0005406343   2445276
72   0.0000566981   -0.0002261655   2445112
73   0.0000566345   -0.0002437666   2444962
74   0.0000565270   -0.0000519467   2444812
75   0.0000564847   -0.0000368149   2444660
76   0.0000563654   -0.0004581682   2444517
77   0.0000561919   -0.0005432893   2444370
78   0.0000559575   -0.0004529032   2444231
79   0.0000558107   -0.0013956115   2444090
80   0.0000557722   -0.0005487008   2443955
81   0.0000558107   -0.0012300536   2443796
82   0.0000557012   -0.0009244379   2443647
83   0.0000553403   -0.0001199095   2443509
84   0.0000550623   -0.0013039410   2443362
85   0.0000550640   -0.0012409893   2443212
86   0.0000550110   -0.0002054798   2443062
87   0.0000551128   -0.0011592736   2442909
88   0.0000545938   -0.0023141894   2442756
89   0.0000541466   -0.0015086365   2442603
90   0.0000541555   -0.0008950033   2442449
91   0.0000543399   -0.0004045370   2442298
92   0.0000543799   -0.0016735220   2442155
93   0.0000541404   -0.0007371013   2441998
94   0.0000539479   -0.0018907795   2441850
95   0.0000538202   -0.0010083147   2441698
96   0.0000538577   -0.0004517620   2441551
97   0.0000536861   -0.0003424270   2441396
98   0.0000536059   0.0001880183   2441252
99   0.0000536905   0.0005198472   2441102
100   0.0000536529   -0.0001982839   2440944
101   0.0000536223   0.0003355481   2440783
102   0.0000533990   -0.0002200254   2440627
103   0.0000533643   -0.0005793952   2440476
104   0.0000532583   -0.0003052873   2440324
105   0.0000533466   -0.0011060705   2440170
106   0.0000531730   0.0000889336   2440022
107   0.0000530838   -0.0000040986   2439867
108   0.0000529261   -0.0008177181   2439716
109   0.0000530384   -0.0010153495   2439554
110   0.0000528489   -0.0002344839   2439400
111   0.0000528048   -0.0008617502   2439222
112   0.0000526118   -0.0003448027   2439076
113   0.0000526277   -0.0001877876   2438926
114   0.0000526547   -0.0011198217   2438781
115   0.0000524358   -0.0005896737   2438637
116   0.0000522763   -0.0006536835   2438489
117   0.0000521157   0.0004490777   2438331
118   0.0000521864   -0.0002423955   2438164
119   0.0000522959   0.0001841667   2438009
120   0.0000523220   -0.0000898333   2437849
121   0.0000522868   -0.0000968128   2437694
122   0.0000523388   -0.0009070628   2437538
123   0.0000523778   -0.0003122217   2437371
124   0.0000522985   -0.0003688624   2437223
125   0.0000522437   -0.0002634289   2437090
126   0.0000521912   -0.0007419153   2436936
127   0.0000521239   -0.0002889049   2436788
128   0.0000522107   -0.0000902882   2436642
129   0.0000522194   0.0004194553   2436493
130   0.0000523406   -0.0002786963   2436344
131   0.0000524659   0.0000151876   2436195
132   0.0000524967   0.0004930135   2436039
133   0.0000527025   0.0012467733   2435888
134   0.0000531814   -0.0002574168   2435738
135   0.0000533327   0.0003190218   2435570
136   0.0000533252   0.0000878701   2435412
137   0.0000532309   0.0000180679   2435256
138   0.0000533901   -0.0004447421   2435119
139   0.0000535120   -0.0012418998   2434979
140   0.0000533616   -0.0007039483   2434838
141   0.0000533528   -0.0000410730   2434690
142   0.0000533347   0.0004226638   2434559
143   0.0000531556   0.0007689764   2434405
144   0.0000531378   -0.0008503614   2434259
145   0.0000527272   -0.0004223313   2434108
146   0.0000529294   -0.0000940855   2433956
147   0.0000530183   0.0005444168   2433797
148   0.0000532351   -0.0003406410   2433647
149   0.0000531781   0.0004992815   2433497
150   0.0000531328   -0.0004405478   2433334
151   0.0000531463   -0.0000797311   2433180
152   0.0000530648   0.0000213725   2433030
153   0.0000530834   0.0001265989   2432881
154   0.0000528981   -0.0000859118   2432727
155   0.0000530054   -0.0004776825   2432578
156   0.0000531888   0.0003864450   2432429
157   0.0000534518   -0.0000176790   2432264
158   0.0000534810   0.0004284356   2432104
159   0.0000534489   -0.0003059283   2431942
160   0.0000534394   -0.0004675559   2431795
161   0.0000533861   0.0006419538   2431639
162   0.0000534861   -0.0001583393   2431487
163   0.0000534290   -0.0005568939   2431343
164   0.0000533335   -0.0005873669   2431189
165   0.0000530926   -0.0008107638   2431041
166   0.0000530021   -0.0007791398   2430886
167   0.0000527958   -0.0008532392   2430737
168   0.0000526225   -0.0003735725   2430586
169   0.0000526472   -0.0007212701   2430435
170   0.0000526171   -0.0004090045   2430291
171   0.0000526666   -0.0002703541   2430146
172   0.0000525252   0.0006226350   2429995
173   0.0000524224   0.0005189599   2429860
174   0.0000524277   -0.0007256022   2429706
175   0.0000523036   0.0000654441   2429555
176   0.0000522932   -0.0002799044   2429401
177   0.0000522308   -0.0005083876   2429249
178   0.0000521627   0.0002593560   2429094
179   0.0000523585   0.0007801741   2428945
180   0.0000524859   -0.0002655649   2428785
181   0.0000524741   -0.0003203457   2428626
182   0.0000521639   -0.0006320870   2428463
183   0.0000518315   -0.0005641763   2428319
184   0.0000519238   -0.0000160615   2428160
185   0.0000520046   0.0003879716   2428013
186   0.0000519945   -0.0001705206   2427859
187   0.0000519464   -0.0005626697   2427712
188   0.0000520648   0.0001627136   2427579
189   0.0000520914   0.0001318266   2427432
190   0.0000521854   0.0005627678   2427289
191   0.0000524632   -0.0000333726   2427140
192   0.0000528282   -0.0001462709   2427003
193   0.0000529701   0.0008237032   2426845
194   0.0000533260   0.0001401081   2426698
195   0.0000533232   0.0000107148   2426548
196   0.0000535531   -0.0004092468   2426409
197   0.0000535599   -0.0012410093   2426251
198   0.0000532557   -0.0012200646   2426101
199   0.0000531122   -0.0004748641   2425957
200   0.0000529109   -0.0009922438   2425815
201   0.0000525786   -0.0004093728   2425662
202   0.0000524330   0.0007878733   2425517
203   0.0000525682   -0.0000235016   2425363
204   0.0000527821   0.0005834554   2425207
205   0.0000529574   0.0001715421   2425060
206   0.0000528866   0.0004672350   2424904
207   0.0000528943   0.0005225294   2424744
208   0.0000528964   -0.0007102226   2424592
209   0.0000528546   -0.0002841889   2424444
210   0.0000528994   -0.0001237470   2424301
211   0.0000528936   -0.0008992876   2424141
212   0.0000528794   -0.0006646048   2423997
213   0.0000529458   -0.0005990480   2423846
214   0.0000525792   -0.0007637093   2423697
215   0.0000524616   -0.0001819645   2423550
216   0.0000524659   0.0001134770   2423398
217   0.0000524752   -0.0001464981   2423240
218   0.0000523526   -0.0008035211   2423085
219   0.0000522300   -0.0005307637   2422924
220   0.0000520695   -0.0014342974   2422789
221   0.0000520526   -0.0001428196   2422636
222   0.0000518115   -0.0005936056   2422484
223   0.0000518159   -0.0000800883   2422325
224   0.0000520297   0.0010052965   2422171
225   0.0000522247   -0.0003241098   2422019
226   0.0000523344   -0.0004541956   2421864
227   0.0000520770   -0.0002097698   2421702
228   0.0000518952   -0.0002329094   2421542
229   0.0000519568   -0.0005955247   2421394
230   0.0000517215   0.0000941667   2421237
231   0.0000514590   -0.0005980827   2421070
232   0.0000513206   0.0001602706   2420906
233   0.0000513017   -0.0001664769   2420757
234   0.0000513527   0.0004027917   2420606
235   0.0000514457   -0.0001536911   2420440
236   0.0000513521   -0.0002631928   2420279
237   0.0000514181   0.0000107432   2420130
238   0.0000512027   -0.0006235617   2419969
239   0.0000511644   -0.0004368124   2419803
240   0.0000510674   -0.0007265529   2419645
241   0.0000509223   -0.0002996504   2419486
242   0.0000509179   0.0000487737   2419338
243   0.0000509542   -0.0002992741   2419187
244   0.0000508599   -0.0003431102   2419048
245   0.0000505341   0.0000078548   2418899
246   0.0000504956   0.0000913695   2418751
247   0.0000505117   -0.0007326528   2418608
248   0.0000503286   0.0001087472   2418454
249   0.0000503532   -0.0001372864   2418303
250   0.0000502998   0.0004515856   2418146
251   0.0000504898   -0.0007601380   2417982
252   0.0000504215   -0.0000430137   2417833
253   0.0000501777   -0.0004140324   2417685
254   0.0000502888   -0.0001968944   2417540
255   0.0000502608   -0.0009775001   2417391
256   0.0000500748   -0.0004409981   2417244
257   0.0000499137   -0.0009896152   2417101
258   0.0000497860   -0.0009507835   2416954
259   0.0000498403   -0.0008511262   2416798
260   0.0000497142   0.0001307590   2416659
261   0.0000501348   -0.0002176684   2416520
262   0.0000502654   -0.0003459734   2416371
263   0.0000501802   0.0002081761   2416224
264   0.0000501476   0.0006800311   2416066
265   0.0000502327   0.0000612605   2415913
266   0.0000501320   -0.0008167222   2415754
267   0.0000497241   0.0001399246   2415586
268   0.0000496689   -0.0000248403   2415433
269   0.0000494470   -0.0011443817   2415278
270   0.0000490381   -0.0009245868   2415133
271   0.0000491605   0.0002670830   2414980
272   0.0000491301   0.0002236196   2414815
273   0.0000490642   -0.0005160117   2414674
274   0.0000491048   -0.0008428120   2414536
275   0.0000490457   -0.0001809964   2414412
276   0.0000489812   -0.0002920141   2414267
277   0.0000491771   0.0007439545   2414126
278   0.0000494114   -0.0005236159   2413983
279   0.0000494393   -0.0005439457   2413844
280   0.0000494303   -0.0014620689   2413703
281   0.0000495244   -0.0015649076   2413561
282   0.0000495026   -0.0009774531   2413415
283   0.0000493776   -0.0002341217   2413275
284   0.0000494601   -0.0007952321   2413132
285   0.0000495995   -0.0000762542   2412983
286   0.0000497465   -0.0002068106   2412836
287   0.0000500033   -0.0008517464   2412690
288   0.0000500054   -0.0010167678   2412547
289   0.0000497697   -0.0006827268   2412385
290   0.0000496289   -0.0006728175   2412244
291   0.0000494939   -0.0008569368   2412080
292   0.0000494668   -0.0004527495   2411930
293   0.0000493887   -0.0006285809   2411782
294   0.0000493320   -0.0014189585   2411628
295   0.0000490440   0.0003956098   2411467
296   0.0000491690   -0.0004184451   2411308
297   0.0000492416   -0.0000841921   2411153
298   0.0000493307   0.0009100030   2410981
299   0.0000494414   -0.0005408975   2410808
300   0.0000491710   0.0007529115   2410642
301   0.0000496360   0.0005488561   2410468
302   0.0000497379   -0.0004381157   2410322
303   0.0000496607   -0.0008260801   2410178
304   0.0000495875   -0.0010169973   2410036
305   0.0000496055   -0.0006996141   2409900
306   0.0000495728   -0.0001041604   2409746
307   0.0000497133   -0.0001842640   2409586
308   0.0000496524   -0.0008748935   2409436
309   0.0000494487   -0.0008923802   2409287
310   0.0000495260   0.0004806732   2409121
311   0.0000495287   -0.0005516885   2408968
312   0.0000496482   -0.0006712836   2408818
313   0.0000495123   -0.0001706342   2408662
314   0.0000496143   -0.0000963247   2408520
315   0.0000494925   -0.0008624072   2408375
316   0.0000495993   -0.0004193981   2408213
317   0.0000497065   0.0002101274   2408063
318   0.0000496335   0.0000328085   2407911
319   0.0000499196   0.0000984321   2407752
320   0.0000498823   -0.0005175272   2407603
321   0.0000498331   -0.0006342787   2407459
322   0.0000498592   -0.0006272559   2407311
323   0.0000495788   -0.0010555999   2407162
324   0.0000494413   -0.0008537535   2407018
325   0.0000495756   -0.0004541158   2406875
326   0.0000497427   -0.0001337918   2406725
327   0.0000497432   -0.0010940896   2406567
328   0.0000495124   -0.0007051969   2406420
329   0.0000495494   -0.0001392209   2406248
330   0.0000497152   -0.0007402057   2406088
331   0.0000497758   -0.0004879596   2405937
332   0.0000498445   -0.0004580624   2405786
333   0.0000499906   -0.0002319558   2405631
334   0.0000499886   -0.0002947429   2405486
335   0.0000499975   -0.0002968385   2405348
336   0.0000500324   -0.0003463322   2405205
337   0.0000502233   0.0003338802   2405054
338   0.0000501197   -0.0004557337   2404913
339   0.0000498890   -0.0006965312   2404774
340   0.0000497786   -0.0009003472   2404628
341   0.0000495794   -0.0004100696   2404470
342   0.0000493598   -0.0000885910   2404308
343   0.0000493094   -0.0005889793   2404159
344   0.0000492059   -0.0006763696   2404011
345   0.0000492484   -0.0008690197   2403858
346   0.0000489873   0.0002566870   2403706
347   0.0000489939   -0.0003719497   2403551
348   0.0000491845   -0.0005529671   2403398
349   0.0000491413   -0.0007190254   2403253
350   0.0000490473   -0.0007477872   2403090
351   0.0000487069   -0.0010965738   2402939
352   0.0000483563   -0.0005497785   2402786
353   0.0000481486   -0.0013635030   2402635
354   0.0000478314   -0.0002938629   2402481
355   0.0000478016   0.0002197869   2402327
356   0.0000480368   -0.0003779939   2402155
357   0.0000481611   -0.0004067451   2401996
358   0.0000480017   0.0004996174   2401838
359   0.0000483111   0.0000162386   2401682
360   0.0000485350   0.0002152807   2401516
361   0.0000486628   -0.0005655150   2401351
362   0.0000485441   -0.0000832915   2401204
363   0.0000488143   0.0003019486   2401071
364   0.0000488110   -0.0000728886   2400924
365   0.0000485383   0.0002736616   2400775
366   0.0000487280   0.0003553234   2400630
367   0.0000486233   0.0006831964   2400481
368   0.0000487710   -0.0000541591   2400334
369   0.0000489133   0.0001258237   2400183
370   0.0000492149   -0.0003379095   2400051
371   0.0000490349   -0.0004141846   2399896
372   0.0000487776   0.0003758714   2399757
373   0.0000490964   0.0002879645   2399601
374   0.0000491741   -0.0001829582   2399455
375   0.0000492407   0.0003200923   2399308
376   0.0000493028   -0.0005752001   2399165
377   0.0000492959   -0.0001975805   2399022
378   0.0000491642   -0.0002997235   2398878
379   0.0000493145   0.0003330924   2398734
380   0.0000491258   -0.0001692668   2398580
381   0.0000490991   -0.0001234135   2398441
382   0.0000491153   -0.0003786002   2398308
383   0.0000490570   -0.0000254362   2398159
384   0.0000490542   0.0000000000   2398013
385   0.0000490858   -0.0001480484   2397864
386   0.0000490895   -0.0003002868   2397708
387   0.0000491601   0.0007632760   2397560
388   0.0000491399   -0.0009193258   2397409
389   0.0000491862   0.0000659088   2397251
390   0.0000492770   -0.0006570464   2397091
391   0.0000490939   0.0003433543   2396941
392   0.0000493016   0.0002515879   2396777
393   0.0000493191   0.0002436757   2396628
394   0.0000490586   -0.0009046538   2396497
395   0.0000488071   -0.0006426440   2396350
396   0.0000484553   -0.0008939135   2396205
397   0.0000481029   0.0001293791   2396060
398   0.0000482645   0.0001765509   2395910
399   0.0000482443   0.0006123295   2395769
400   0.0000484212   0.0000050091   2395619
401   0.0000482781   0.0007935806   2395472
402   0.0000484573   -0.0003982766   2395320
403   0.0000481606   -0.0002141811   2395169
404   0.0000481150   -0.0003098107   2395011
405   0.0000478028   -0.0005019072   2394865
406   0.0000476773   -0.0000672312   2394721
407   0.0000476005   -0.0008064024   2394586
408   0.0000475925   -0.0005170307   2394442
409   0.0000475287   -0.0004297720   2394293
410   0.0000472944   -0.0011795438   2394146
411   0.0000473096   -0.0012518776   2394004
412   0.0000470387   -0.0002197294   2393854
413   0.0000472081   -0.0007862272   2393710
414   0.0000470196   -0.0005661017   2393563
415   0.0000468786   -0.0006108442   2393409
416   0.0000468429   0.0003656109   2393255
417   0.0000469360   0.0003781698   2393105
418   0.0000468646   0.0001884709   2392942
419   0.0000467993   0.0002825153   2392791
420   0.0000470581   -0.0007543984   2392635
421   0.0000468957   -0.0001559050   2392482
422   0.0000467229   -0.0005722440   2392336
423   0.0000466486   -0.0001651207   2392190
424   0.0000466725   -0.0009870228   2392042
425   0.0000467370   -0.0000468247   2391900
426   0.0000468296   0.0007776729   2391751
427   0.0000471419   -0.0005862170   2391606
428   0.0000471810   0.0004097915   2391460
429   0.0000473002   0.0006168193   2391300
430   0.0000473660   -0.0009978487   2391144
431   0.0000471425   -0.0000434966   2390990
432   0.0000469897   -0.0003367044   2390821
433   0.0000470413   -0.0000171500   2390672
434   0.0000473983   -0.0002890609   2390500
435   0.0000474335   -0.0003007915   2390360
436   0.0000472457   -0.0005133447   2390207
437   0.0000474064   -0.0005301151   2390047
438   0.0000474200   0.0000100423   2389891
439   0.0000473247   0.0002933367   2389745
440   0.0000472607   -0.0002368606   2389591
441   0.0000472930   0.0004473848   2389442
442   0.0000474374   0.0001753661   2389288
443   0.0000474866   0.0003105730   2389132
444   0.0000474662   0.0005458362   2388995
445   0.0000476654   0.0010218310   2388849
446   0.0000478387   -0.0007372226   2388695
447   0.0000476267   -0.0008666407   2388533
448   0.0000474154   -0.0002570787   2388374
449   0.0000474632   0.0002780327   2388208
450   0.0000478831   -0.0000221938   2388054
451   0.0000480983   -0.0001574609   2387894
452   0.0000481922   -0.0003023780   2387740
453   0.0000482565   -0.0013101071   2387591
454   0.0000482551   -0.0002793784   2387443
455   0.0000483066   0.0000460772   2387297
456   0.0000485811   0.0003414129   2387139
457   0.0000486216   0.0002991214   2386991
458   0.0000488634   0.0002593369   2386857
459   0.0000489571   -0.0000293290   2386715
460   0.0000492186   0.0007056169   2386564
461   0.0000491217   -0.0009994104   2386407
462   0.0000489301   -0.0006327912   2386253
463   0.0000489169   -0.0000318511   2386103
464   0.0000489687   -0.0004388198   2385945
465   0.0000488661   -0.0005339935   2385797
466   0.0000486779   0.0001299433   2385656
467   0.0000484918   -0.0002075028   2385510
468   0.0000484646   -0.0000591107   2385353
469   0.0000486730   -0.0006292987   2385195
470   0.0000486281   -0.0000452822   2385044
471   0.0000486479   0.0011811846   2384894
472   0.0000489332   -0.0005241664   2384739
473   0.0000489559   -0.0005954907   2384588
474   0.0000488855   -0.0017224062   2384455
475   0.0000488684   -0.0013974681   2384312
476   0.0000486213   -0.0005226142   2384168
477   0.0000488229   -0.0003959715   2384010
478   0.0000489189   -0.0001514353   2383856
479   0.0000489473   0.0004161587   2383706
480   0.0000492515   0.0001472594   2383549
481   0.0000494669   0.0006318723   2383393
482   0.0000495443   -0.0001518940   2383241
483   0.0000495309   -0.0000163653   2383092
484   0.0000495865   0.0002077265   2382941
485   0.0000495940   0.0000096526   2382789
486   0.0000494048   0.0000151093   2382645
487   0.0000494860   -0.0008096534   2382501
488   0.0000493390   0.0004004441   2382355
489   0.0000494420   0.0011678212   2382214
490   0.0000494366   0.0005365113   2382056
491   0.0000496427   0.0008950864   2381893
492   0.0000501614   -0.0010509132   2381738
493   0.0000500195   -0.0002804849   2381590
494   0.0000499082   -0.0006277717   2381439
495   0.0000498477   0.0002960589   2381283
496   0.0000498727   0.0002775991   2381132
497   0.0000498719   -0.0002532571   2380980
498   0.0000499919   -0.0006342350   2380821
499   0.0000499332   -0.0003339418   2380654
500   0.0000499688   0.0000567109   2380494
501   0.0000498928   0.0002886137   2380344
502   0.0000498827   -0.0010398321   2380192
503   0.0000497732   0.0002655430   2380029
504   0.0000499714   0.0006264995   2379890
505   0.0000502773   0.0015787505   2379730
506   0.0000506399   0.0013296492   2379575
507   0.0000504849   0.0006009873   2379418
508   0.0000505229   0.0009738326   2379259
509   0.0000506718   0.0003286949   2379106
510   0.0000505335   0.0002648216   2378960
511   0.0000507760   0.0005935731   2378814
512   0.0000509304   0.0008004480   2378668
513   0.0000509167   -0.0006281209   2378523
514   0.0000509547   -0.0008291341   2378385
515   0.0000509430   -0.0008741803   2378228
516   0.0000508213   -0.0001597937   2378066
517   0.0000508926   0.0002683019   2377918
518   0.0000509997   0.0001202810   2377766
519   0.0000510403   0.0011015291   2377604
520   0.0000510572   0.0000740292   2377440
521   0.0000512580   0.0002717390   2377281
522   0.0000513572   -0.0004282484   2377125
523   0.0000512156   -0.0006495684   2376963
524   0.0000510391   0.0006172169   2376798
525   0.0000509737   0.0003862599   2376638
526   0.0000512798   -0.0000324009   2376478
527   0.0000513696   -0.0007852471   2376322
528   0.0000515646   -0.0002554536   2376165
529   0.0000514479   -0.0007117012   2375997
530   0.0000514033   -0.0002630662   2375828
531   0.0000515148   0.0001911045   2375664
532   0.0000516106   -0.0001073455   2375508
533   0.0000518487   0.0002904839   2375347
534   0.0000517747   0.0002883976   2375193
535   0.0000517583   -0.0004416762   2375043
536   0.0000513974   -0.0006092963   2374871
537   0.0000513298   0.0003406740   2374704
538   0.0000513075   0.0004135545   2374536
539   0.0000514585   -0.0005576197   2374378
540   0.0000516523   -0.0007720456   2374212
541   0.0000514412   -0.0000227460   2374049
542   0.0000512172   -0.0007531906   2373901
543   0.0000511092   0.0000189575   2373730
544   0.0000512850   -0.0005114646   2373576
545   0.0000511891   -0.0000463467   2373415
546   0.0000514294   -0.0002123658   2373264
547   0.0000516544   -0.0012422517   2373110
548   0.0000517136   -0.0001706738   2372948
549   0.0000518076   0.0001571985   2372796
550   0.0000518203   0.0002330740   2372637
551   0.0000517865   0.0001690213   2372482
552   0.0000520157   -0.0003983441   2372321
553   0.0000519478   -0.0004308321   2372154
554   0.0000521501   0.0006673718   2371991
555   0.0000524698   -0.0001159443   2371829
556   0.0000523514   0.0000358397   2371674
557   0.0000524062   -0.0005625091   2371517
558   0.0000522343   -0.0002348869   2371354
559   0.0000523410   -0.0002353249   2371190
560   0.0000525677   0.0001130309   2371033
561   0.0000525538   -0.0004365481   2370873
562   0.0000526476   -0.0009419139   2370705
563   0.0000525436   -0.0002472014   2370537
564   0.0000527460   -0.0001468128   2370366
565   0.0000529835   0.0004261242   2370201
566   0.0000531429   -0.0006046317   2370038
567   0.0000530614   -0.0001510628   2369876
568   0.0000530806   -0.0012562740   2369706
569   0.0000528929   -0.0003853062   2369544
570   0.0000528156   -0.0004448442   2369369
571   0.0000528814   -0.0007589076   2369195
572   0.0000527585   -0.0000113971   2369030
573   0.0000527541   0.0001004698   2368872
574   0.0000527143   0.0001030100   2368703
575   0.0000526479   0.0003039860   2368530
576   0.0000528589   -0.0001726944   2368345
577   0.0000529560   -0.0001503277   2368160
578   0.0000528726   -0.0004598827   2367995
579   0.0000524385   -0.0009743156   2367816
580   0.0000522162   -0.0004468598   2367633
581   0.0000522400   0.0001060213   2367449
582   0.0000521224   -0.0001182801   2367263
583   0.0000522840   0.0002813612   2367064
584   0.0000525093   -0.0003088457   2366878
585   0.0000524406   0.0005488669   2366694
586   0.0000524499   0.0005155262   2366514
587   0.0000523657   0.0004509100   2366326
588   0.0000527020   0.0007924289   2366143
589   0.0000528399   0.0001035524   2365952
590   0.0000526197   -0.0005685269   2365763
591   0.0000525217   -0.0010826148   2365569
592   0.0000523789   0.0003225707   2365373
593   0.0000524108   -0.0007466672   2365177
594   0.0000521348   -0.0000849901   2364980
595   0.0000518847   0.0006985845   2364782
596   0.0000520297   0.0001526699   2364579
597   0.0000521619   -0.0004237897   2364380
598   0.0000521076   -0.0003168079   2364209
599   0.0000520799   -0.0002542267   2364032
600   0.0000518350   -0.0011130025   2363876
601   0.0000515323   -0.0001053432   2363703
602   0.0000515185   0.0005864048   2363555
603   0.0000516318   -0.0001523227   2363403
604   0.0000516865   0.0001662947   2363275
605   0.0000516642   -0.0000812480   2363135
606   0.0000515452   -0.0005488795   2362996
607   0.0000514992   -0.0010013331   2362850
608   0.0000514536   -0.0005616449   2362703
609   0.0000513442   -0.0009032594   2362555
610   0.0000512406   0.0005062599   2362423
611   0.0000511956   0.0006328613   2362287
612   0.0000513517   0.0001913510   2362151
613   0.0000516100   0.0009750162   2362012
614   0.0000518141   0.0010521275   2361881
615   0.0000522050   0.0001401511   2361737
616   0.0000521973   0.0001482047   2361599
617   0.0000522297   -0.0001765859   2361457
618   0.0000524237   0.0004116354   2361313
619   0.0000523291   -0.0007636045   2361170
620   0.0000522557   0.0003002918   2361037
621   0.0000521100   -0.0002846370   2360902
622   0.0000522219   0.0000605739   2360753
623   0.0000521905   0.0012708569   2360612
624   0.0000522829   0.0006138616   2360467
625   0.0000524585   -0.0004185852   2360332
626   0.0000524704   -0.0000063554   2360195
627   0.0000524992   0.0001923684   2360055
628   0.0000524626   -0.0004275580   2359914
629   0.0000523644   -0.0001462010   2359765
630   0.0000522593   -0.0001983363   2359628
631   0.0000522370   -0.0002581076   2359481
632   0.0000521875   -0.0005378634   2359335
633   0.0000520731   0.0003937776   2359200
634   0.0000520959   -0.0005035885   2359069
635   0.0000520201   -0.0000334898   2358928
636   0.0000521641   0.0004807566   2358782
637   0.0000522482   0.0001148965   2358645
638   0.0000524027   -0.0001581510   2358506
639   0.0000524404   -0.0000449464   2358366
640   0.0000521375   0.0000780247   2358228
641   0.0000521111   0.0009393199   2358089
642   0.0000523524   0.0013867984   2357949
643   0.0000527877   0.0008546088   2357804
644   0.0000531283   0.0005658177   2357650
645   0.0000531465   0.0002549307   2357503
646   0.0000530927   0.0009447017   2357358
647   0.0000532916   0.0001849639   2357217
648   0.0000534113   0.0003088569   2357079
649   0.0000535607   -0.0003479111   2356924
650   0.0000533469   0.0000657675   2356788
651   0.0000532216   0.0006356483   2356649
652   0.0000533060   -0.0007990657   2356502
653   0.0000532787   -0.0004608805   2356359
654   0.0000533777   -0.0002779888   2356210
655   0.0000535208   0.0001842053   2356067
656   0.0000534565   -0.0003998460   2355907
657   0.0000532700   -0.0005208539   2355747
658   0.0000533732   0.0007976713   2355607
659   0.0000534598   -0.0000271711   2355448
660   0.0000532477   0.0001825680   2355287
661   0.0000533919   0.0004139880   2355141
662   0.0000534097   0.0010144391   2354996
663   0.0000536892   0.0005482323   2354841
664   0.0000538863   0.0006731236   2354694
665   0.0000540388   0.0001681849   2354551
666   0.0000540138   0.0007628261   2354403
667   0.0000541127   0.0004727566   2354277
668   0.0000540593   0.0008699556   2354143
669   0.0000542798   0.0010212383   2354005
670   0.0000546896   0.0002187897   2353858
671   0.0000548401   0.0008212574   2353708
672   0.0000551964   0.0005999412   2353564
673   0.0000555593   0.0005056477   2353417
674   0.0000556957   0.0012144772   2353276
675   0.0000557860   0.0002639028   2353139
676   0.0000557774   -0.0003132157   2353011
677   0.0000559037   -0.0001211284   2352875
678   0.0000561198   -0.0000284774   2352741
679   0.0000562584   0.0002227324   2352599
680   0.0000563878   -0.0001271008   2352463
681   0.0000562072   0.0004654971   2352324
682   0.0000562886   -0.0007745979   2352188
683   0.0000560256   -0.0004489687   2352057
684   0.0000558087   -0.0011195113   2351919
685   0.0000557128   -0.0005553248   2351777
686   0.0000558894   -0.0000331683   2351643
687   0.0000558381   0.0003708259   2351508
688   0.0000557241   -0.0002526181   2351375
689   0.0000556452   -0.0002254135   2351235
690   0.0000556830   -0.0001896970   2351118
691   0.0000555414   -0.0007881833   2350976
692   0.0000554069   -0.0006635932   2350838
693   0.0000553711   -0.0007848696   2350709
694   0.0000553574   -0.0014715580   2350570
695   0.0000551036   -0.0002527180   2350446
696   0.0000554788   0.0003748443   2350309
697   0.0000556296   0.0002506188   2350183
698   0.0000554582   -0.0000085104   2350053
699   0.0000553233   -0.0000136174   2349928
700   0.0000554182   -0.0005260053   2349786
701   0.0000552987   -0.0004413427   2349648
702   0.0000552902   -0.0001587562   2349514
703   0.0000553845   0.0006823109   2349369
704   0.0000554198   -0.0004375904   2349229
705   0.0000552065   -0.0005921449   2349087
706   0.0000550866   -0.0003976229   2348959
707   0.0000551400   -0.0001626344   2348826
708   0.0000550169   -0.0004198110   2348676
709   0.0000548668   0.0011368775   2348538
710   0.0000550445   0.0002184457   2348410
711   0.0000548553   -0.0001916304   2348270
712   0.0000549731   -0.0007674166   2348138
713   0.0000545863   -0.0005932701   2348003
714   0.0000544828   -0.0002184965   2347864
715   0.0000546800   0.0002334181   2347719
716   0.0000544298   -0.0002743252   2347579
717   0.0000543226   0.0004029922   2347440
718   0.0000543811   -0.0000792398   2347304
719   0.0000544479   -0.0002347503   2347175
720   0.0000545005   -0.0001107787   2347022
721   0.0000543774   -0.0003332099   2346869
722   0.0000544287   0.0003962958   2346732
723   0.0000547367   -0.0000507118   2346592
724   0.0000548182   -0.0002723241   2346469
725   0.0000547336   0.0000588153   2346330
726   0.0000547529   -0.0001649484   2346188
727   0.0000546453   -0.0002970941   2346058
728   0.0000546194   -0.0001943798   2345923
729   0.0000546499   -0.0000115100   2345783
730   0.0000547501   -0.0005913061   2345655
731   0.0000546605   -0.0007439737   2345513
732   0.0000547194   0.0003138100   2345368
733   0.0000545662   -0.0002434724   2345235
734   0.0000544729   -0.0006609526   2345100
735   0.0000547482   -0.0005714378   2344962
736   0.0000547248   -0.0002618518   2344838
737   0.0000545791   -0.0003215762   2344701
738   0.0000543987   0.0004209711   2344579
739   0.0000543025   0.0003992440   2344431
740   0.0000542802   -0.0009909167   2344294
741   0.0000542720   -0.0002627805   2344162
742   0.0000542461   0.0000021331   2344033
743   0.0000541357   -0.0011096899   2343898
744   0.0000540768   -0.0002030906   2343781
745   0.0000542241   -0.0000985639   2343657
746   0.0000543855   0.0004070805   2343517
747   0.0000547754   0.0003998500   2343379
748   0.0000544283   -0.0002108197   2343235
749   0.0000542991   -0.0010144693   2343097
750   0.0000542275   -0.0004447364   2342961
751   0.0000538019   -0.0005574448   2342833
752   0.0000540324   0.0010449486   2342699
753   0.0000540051   -0.0001639227   2342567
754   0.0000538621   -0.0008119742   2342439
755   0.0000538487   0.0003197701   2342308
756   0.0000540577   0.0004389105   2342163
757   0.0000540558   -0.0002877847   2342029
758   0.0000541671   0.0000550838   2341888
759   0.0000542683   -0.0003202723   2341757
760   0.0000544251   -0.0006696190   2341630
761   0.0000544463   0.0006465938   2341501
762   0.0000546804   0.0003023881   2341362
763   0.0000546323   0.0005796109   2341226
764   0.0000545149   -0.0004327044   2341090
765   0.0000543977   -0.0003883039   2340950
766   0.0000546054   0.0001473842   2340821
767   0.0000548276   -0.0005109609   2340688
768   0.0000548256   -0.0001849996   2340545
769   0.0000549213   -0.0000666548   2340415
770   0.0000549633   -0.0013690757   2340265
771   0.0000546863   -0.0002029807   2340124
772   0.0000546107   -0.0002799160   2339988
773   0.0000546279   -0.0002145422   2339866
774   0.0000547951   0.0002325055   2339730
775   0.0000545784   -0.0001115579   2339593
776   0.0000546399   -0.0002218469   2339451
777   0.0000546378   0.0000380454   2339313
778   0.0000547217   -0.0007588139   2339177
779   0.0000546618   0.0003120943   2339037
780   0.0000550630   -0.0004921125   2338896
781   0.0000548664   -0.0000247995   2338757
782   0.0000549145   0.0006384145   2338606
783   0.0000548257   0.0000551644   2338466
784   0.0000547335   0.0001505352   2338324
785   0.0000549171   0.0006975532   2338173
786   0.0000552361   0.0007844197   2338034
787   0.0000552552   0.0009790888   2337888
788   0.0000553357   -0.0006779997   2337759
789   0.0000551233   -0.0000474840   2337628
790   0.0000551381   -0.0003709113   2337486
791   0.0000549514   -0.0010524735   2337351
792   0.0000547398   -0.0005275505   2337217
793   0.0000549062   -0.0003367437   2337089
794   0.0000547810   -0.0007210262   2336947
795   0.0000546788   0.0000325230   2336811
796   0.0000545998   -0.0000539229   2336668
797   0.0000545772   -0.0002987336   2336530
798   0.0000546308   0.0001181309   2336391
799   0.0000542585   0.0010803597   2336259
800   0.0000546415   0.0002170261   2336125
801   0.0000547308   0.0000543665   2335998
802   0.0000547369   -0.0000248302   2335863
803   0.0000547210   0.0003266650   2335726
804   0.0000546978   0.0002783016   2335596
805   0.0000545695   0.0007544543   2335463
806   0.0000546447   -0.0011077683   2335326
807   0.0000544125   -0.0006534789   2335194
808   0.0000542478   0.0004937800   2335048
809   0.0000542239   0.0001713126   2334913
810   0.0000541513   -0.0000406890   2334783
811   0.0000539712   -0.0007842741   2334643
812   0.0000539587   -0.0000021418   2334512
813   0.0000540646   0.0006147245   2334379
814   0.0000541983   0.0010607266   2334249
815   0.0000543474   -0.0000616935   2334120
816   0.0000543797   -0.0001580979   2333997
817   0.0000542581   -0.0004079064   2333869
818   0.0000541572   -0.0003599379   2333736
819   0.0000540083   0.0005300814   2333604
820   0.0000539689   0.0011296462   2333474
821   0.0000542421   0.0000119999   2333344
822   0.0000542511   -0.0004251650   2333212
823   0.0000541142   -0.0002678855   2333086
824   0.0000538474   0.0002027463   2332965
825   0.0000540148   -0.0003978008   2332826
826   0.0000538652   -0.0008655225   2332695
827   0.0000536907   0.0002044956   2332568
828   0.0000535374   -0.0004476001   2332439
829   0.0000532881   0.0003524401   2332311
830   0.0000533637   0.0012014474   2332187
831   0.0000536531   0.0005218571   2332056
832   0.0000537367   -0.0005943598   2331921
833   0.0000536387   -0.0003705303   2331793
834   0.0000532985   0.0002757712   2331643
835   0.0000530873   -0.0001170917   2331505
836   0.0000527573   0.0010598923   2331369
837   0.0000528181   -0.0004658485   2331230
838   0.0000525662   0.0001419940   2331085
839   0.0000525499   0.0004684793   2330946
840   0.0000527842   -0.0002261024   2330802
841   0.0000526636   0.0000493422   2330663
842   0.0000527646   0.0005998610   2330540
843   0.0000528332   0.0005750073   2330405
844   0.0000529498   -0.0007861723   2330278
845   0.0000527212   0.0005179968   2330130
846   0.0000527505   -0.0001772537   2329994
847   0.0000528262   -0.0000759703   2329858
848   0.0000530151   -0.0005897732   2329709
849   0.0000530559   -0.0004777696   2329575
850   0.0000528320   0.0002438356   2329438
851   0.0000530641   -0.0002339755   2329304
852   0.0000531478   0.0003675123   2329174
853   0.0000533691   -0.0001957896   2329031
854   0.0000531731   0.0003654081   2328903
855   0.0000533600   0.0001515819   2328774
856   0.0000533890   -0.0003315217   2328656
857   0.0000533623   0.0002722753   2328526
858   0.0000533445   0.0004913220   2328412
859   0.0000532058   0.0000828937   2328283
860   0.0000532599   0.0006155120   2328143
861   0.0000532217   0.0002560128   2328009
862   0.0000532848   0.0004794076   2327873
863   0.0000535000   -0.0001129860   2327721
864   0.0000536811   -0.0004515398   2327591
865   0.0000533199   -0.0013173136   2327464
866   0.0000531953   -0.0006415088   2327326
867   0.0000529762   -0.0003691158   2327183
868   0.0000527995   0.0010120135   2327044
869   0.0000529215   0.0006785823   2326910
870   0.0000527943   0.0003154593   2326766
871   0.0000528788   0.0000184817   2326631
872   0.0000527938   0.0002278119   2326481
873   0.0000528412   -0.0003082092   2326342
874   0.0000528233   0.0003963507   2326223
875   0.0000527914   0.0004079827   2326079
876   0.0000528362   0.0002751586   2325931
877   0.0000527452   -0.0005989345   2325797
878   0.0000526128   0.0001453346   2325668
879   0.0000528828   0.0004983804   2325533
880   0.0000529843   0.0015851043   2325399
881   0.0000533635   0.0006025122   2325264
882   0.0000534668   0.0007014704   2325116
883   0.0000533755   0.0005015127   2324966
884   0.0000532765   0.0003561545   2324834
885   0.0000532823   0.0004331753   2324694
886   0.0000533747   0.0008461864   2324547
887   0.0000533618   -0.0007636310   2324421
888   0.0000529669   -0.0001183170   2324264
889   0.0000529504   -0.0005584895   2324126
890   0.0000526487   -0.0000314115   2323990
891   0.0000526172   -0.0008339623   2323846
892   0.0000523408   -0.0010453112   2323710
893   0.0000523234   0.0006877339   2323573
894   0.0000524616   0.0009171777   2323432
895   0.0000523846   0.0011595620   2323291
896   0.0000524775   0.0009400996   2323158
897   0.0000525156   -0.0003878574   2323019
898   0.0000524955   -0.0005708455   2322870
899   0.0000525007   -0.0007120931   2322730
900   0.0000523875   -0.0005166659   2322584
901   0.0000523123   0.0004835434   2322439
902   0.0000522131   -0.0003195100   2322306
903   0.0000521687   -0.0010817431   2322178
904   0.0000519678   0.0001860415   2322062
905   0.0000520825   -0.0001731318   2321931
906   0.0000521517   -0.0005586176   2321803
907   0.0000520583   0.0004815514   2321663
908   0.0000519252   -0.0008184251   2321532
909   0.0000517511   -0.0000258465   2321400
910   0.0000517511   -0.0001223470   2321267
911   0.0000515958   0.0000486831   2321135
912   0.0000517433   -0.0002942707   2320992
913   0.0000517138   0.0006829336   2320870
914   0.0000518700   0.0003671254   2320733
915   0.0000520013   0.0003555114   2320601
916   0.0000520228   -0.0004766259   2320478
917   0.0000518492   -0.0006468841   2320354
918   0.0000518682   -0.0001521400   2320232
919   0.0000516916   -0.0003292956   2320104
920   0.0000517299   -0.0004168172   2319962
921   0.0000517840   0.0003720087   2319838
922   0.0000518169   -0.0007625980   2319702
923   0.0000519866   -0.0007514314   2319573
924   0.0000519466   -0.0002828258   2319449
925   0.0000521105   0.0010934197   2319329
926   0.0000522580   0.0000004312   2319195
927   0.0000523545   -0.0001759328   2319067
928   0.0000525201   -0.0004890159   2318943
929   0.0000523800   -0.0000452820   2318804
930   0.0000524548   0.0002160722   2318669
931   0.0000524582   0.0002928566   2318541
932   0.0000526151   0.0002337806   2318413
933   0.0000526815   0.0002803796   2318286
934   0.0000526934   0.0000655694   2318154
935   0.0000525610   -0.0001980153   2318003
936   0.0000524454   -0.0004107223   2317868
937   0.0000526061   0.0006510639   2317745
938   0.0000529594   0.0007028759   2317621
939   0.0000531948   -0.0005432566   2317505
940   0.0000531404   -0.0005678834   2317377
941   0.0000532213   0.0000992555   2317253
942   0.0000532568   0.0003405088   2317121
943   0.0000532515   0.0012334958   2316992
944   0.0000535689   0.0007078497   2316876
945   0.0000535936   0.0001363986   2316739
946   0.0000537706   0.0002136750   2316602
947   0.0000540326   0.0009760478   2316485
948   0.0000540910   0.0007054147   2316368
949   0.0000540520   -0.0004921793   2316229
950   0.0000539268   -0.0003104346   2316108
951   0.0000539508   -0.0002081207   2315964
952   0.0000538172   0.0001420658   2315828
953   0.0000539497   -0.0000202962   2315703
954   0.0000541054   -0.0000811894   2315573
955   0.0000541995   0.0002224195   2315444
956   0.0000543046   -0.0000177081   2315320
957   0.0000543077   0.0007260740   2315191
958   0.0000545341   0.0000133906   2315054
959   0.0000544196   0.0009503552   2314924
960   0.0000544243   -0.0001840343   2314786
961   0.0000543762   0.0002635399   2314640
962   0.0000543923   0.0002108439   2314508
963   0.0000545812   -0.0006001607   2314380
964   0.0000542836   0.0002890757   2314273
965   0.0000543307   -0.0000250633   2314143
966   0.0000542119   0.0002320645   2314012
967   0.0000541420   0.0009231292   2313869
968   0.0000542862   -0.0001067534   2313743
969   0.0000545230   -0.0001434990   2313605
970   0.0000543641   0.0003207291   2313479
971   0.0000545051   0.0005061947   2313339
972   0.0000544600   0.0003639975   2313203
973   0.0000545232   0.0016298692   2313069
974   0.0000547822   0.0007324031   2312934
975   0.0000547995   0.0006624003   2312801
976   0.0000549164   0.0008929066   2312672
977   0.0000551488   0.0004735049   2312542
978   0.0000552148   0.0005383984   2312414
979   0.0000553982   0.0008113180   2312287
980   0.0000553237   0.0003814610   2312163
981   0.0000553907   0.0008152973   2312040
982   0.0000554953   0.0004381641   2311919
983   0.0000555494   -0.0000025954   2311798
984   0.0000553980   0.0002911323   2311664
985   0.0000554538   0.0004070883   2311538
986   0.0000555820   0.0006398686   2311412
987   0.0000556775   0.0012348168   2311274
988   0.0000557942   0.0002345156   2311147
989   0.0000557114   -0.0001908238   2311033
990   0.0000558846   0.0008195955   2310896
991   0.0000562218   0.0000367844   2310764
992   0.0000563964   -0.0004522562   2310637
993   0.0000563881   -0.0005275878   2310516
994   0.0000566609   -0.0005453622   2310391
995   0.0000562755   -0.0002562469   2310272
996   0.0000560604   0.0005449874   2310145
997   0.0000561375   -0.0001506477   2310025
998   0.0000559671   -0.0011511371   2309890
999   0.0000555246   -0.0001952583   2309761
1000   0.0000552996   0.0000541212   2309631
