0   0.0000000000   1.0000000000   3394036
1   0.0001331975   0.1346469468   3393794
2   0.0001452504   0.0471365023   3393612
3   0.0001456182   0.0269515789   3393419
4   0.0001454412   0.0206163388   3393231
5   0.0001460218   0.0175857619   3393029
6   0.0001467619   0.0151643050   3392836
7   0.0001471103   0.0125129213   3392653
8   0.0001475955   0.0135623976   3392468
9   0.0001485568   0.0120367281   3392284
10   0.0001492210   0.0111476929   3392092
11   0.0001497094   0.0089967408   3391895
12   0.0001499121   0.0085983405   3391701
13   0.0001502275   0.0076797424   3391520
14   0.0001502855   0.0070842267   3391337
15   0.0001504540   0.0064491245   3391158
16   0.0001504312   0.0069059682   3390980
17   0.0001503618   0.0066595120   3390789
18   0.0001504886   0.0057187586   3390596
19   0.0001504735   0.0047631534   3390401
20   0.0001503021   0.0066559181   3390216
21   0.0001507470   0.0050002522   3390029
22   0.0001507375   0.0049108527   3389839
23   0.0001507081   0.0035944820   3389640
24   0.0001505292   0.0033120408   3389451
25   0.0001504501   0.0031443498   3389254
26   0.0001502685   0.0037316967   3389075
27   0.0001502462   0.0036315812   3388882
28   0.0001500555   0.0030864434   3388690
29   0.0001498602   0.0024589073   3388497
30   0.0001497287   0.0031316534   3388306
31   0.0001496411   0.0023703495   3388108
32   0.0001495003   0.0020974571   3387912
33   0.0001491902   0.0021203001   3387728
34   0.0001491340   0.0015864047   3387534
35   0.0001488293   0.0019631871   3387349
36   0.0001487987   0.0013409432   3387168
37   0.0001484515   0.0015444455   3386976
38   0.0001481573   0.0009318583   3386781
39   0.0001477179   0.0014223739   3386592
40   0.0001475465   0.0027226593   3386395
41   0.0001478501   0.0012477098   3386204
42   0.0001478100   0.0010354348   3386017
43   0.0001475106   0.0012227434   3385829
44   0.0001474647   0.0009448761   3385629
45   0.0001472747   0.0017510290   3385438
46   0.0001473327   0.0009396656   3385247
47   0.0001472090   0.0009255386   3385056
48   0.0001470816   0.0010074245   3384869
49   0.0001470118   0.0012080924   3384675
50   0.0001469922   0.0013635740   3384488
51   0.0001472851   0.0015506895   3384301
52   0.0001471170   0.0012097723   3384108
53   0.0001470902   0.0004822836   3383901
54   0.0001466962   0.0009043315   3383715
55   0.0001465079   0.0008576859   3383523
56   0.0001466006   0.0005784254   3383323
57   0.0001464563   0.0000851283   3383129
58   0.0001462588   0.0002675189   3382939
59   0.0001461096   0.0001008056   3382750
60   0.0001458371   0.0014465333   3382570
61   0.0001458795   0.0009889498   3382376
62   0.0001457129   0.0001144229   3382189
63   0.0001453117   -0.0007400962   3381993
64   0.0001449107   0.0001762372   3381806
65   0.0001447097   0.0004684136   3381627
66   0.0001444961   -0.0011604489   3381450
67   0.0001440122   -0.0007976307   3381264
68   0.0001436938   0.0002780174   3381083
69   0.0001435083   0.0001552841   3380901
70   0.0001433500   0.0007740955   3380720
71   0.0001432735   0.0004866104   3380528
72   0.0001432533   0.0009919091   3380350
73   0.0001432497   0.0007656413   3380173
74   0.0001433006   -0.0006784062   3379981
75   0.0001431018   0.0003902608   3379791
76   0.0001432265   0.0012711601   3379590
77   0.0001433801   0.0003024205   3379400
78   0.0001433148   -0.0003308457   3379219
79   0.0001432659   -0.0003006787   3379022
80   0.0001431068   -0.0000147980   3378844
81   0.0001431093   0.0005457769   3378670
82   0.0001430295   0.0002447846   3378480
83   0.0001429770   0.0006216150   3378297
84   0.0001427959   0.0000953196   3378109
85   0.0001425247   -0.0000432218   3377927
86   0.0001425154   -0.0003813208   3377733
87   0.0001424342   -0.0001234624   3377547
88   0.0001421442   -0.0006152744   3377355
89   0.0001420319   0.0007219071   3377166
90   0.0001422438   0.0003005643   3376981
91   0.0001424505   0.0000408671   3376796
92   0.0001425468   -0.0002697972   3376610
93   0.0001424696   0.0001246879   3376430
94   0.0001423455   -0.0002295447   3376248
95   0.0001421257   -0.0005150964   3376067
96   0.0001419388   -0.0003862693   3375883
97   0.0001417956   -0.0006220945   3375693
98   0.0001416396   -0.0001256109   3375504
99   0.0001412943   -0.0000844363   3375325
100   0.0001411671   0.0001902146   3375135
101   0.0001413028   -0.0001490392   3374951
102   0.0001412041   0.0009651014   3374775
103   0.0001414517   -0.0007266072   3374588
104   0.0001412785   -0.0007601356   3374398
105   0.0001411551   -0.0004747774   3374213
106   0.0001409363   0.0000047421   3374023
107   0.0001408994   0.0000263795   3373833
108   0.0001408419   0.0000803285   3373645
109   0.0001408187   -0.0007259600   3373464
110   0.0001407932   -0.0000664043   3373276
111   0.0001408169   -0.0004627793   3373098
112   0.0001407492   -0.0006854627   3372904
113   0.0001403534   -0.0007839407   3372704
114   0.0001400855   -0.0009260184   3372503
115   0.0001400926   -0.0004969884   3372312
116   0.0001396769   -0.0004261403   3372129
117   0.0001394095   -0.0000551609   3371952
118   0.0001391493   0.0004232222   3371751
119   0.0001391753   0.0007637412   3371561
120   0.0001393883   0.0006395032   3371367
121   0.0001394926   0.0004339729   3371178
122   0.0001394214   -0.0011391306   3370992
123   0.0001392580   -0.0004639832   3370812
124   0.0001391213   0.0001079918   3370626
125   0.0001393535   0.0001732709   3370444
126   0.0001395177   0.0001738744   3370248
127   0.0001395666   -0.0014640619   3370076
128   0.0001394277   -0.0002210753   3369892
129   0.0001392998   -0.0007944290   3369716
130   0.0001391380   0.0003801718   3369529
131   0.0001392671   -0.0001350417   3369329
132   0.0001393482   0.0007242189   3369147
133   0.0001395874   0.0006322430   3368958
134   0.0001398235   0.0004215188   3368770
135   0.0001398438   -0.0003407963   3368581
136   0.0001396504   0.0006777707   3368396
137   0.0001399264   0.0001445872   3368210
138   0.0001398359   -0.0001098568   3368022
139   0.0001399493   0.0002102233   3367848
140   0.0001401890   -0.0004498670   3367662
141   0.0001403604   0.0011186400   3367482
142   0.0001403416   -0.0005627653   3367301
143   0.0001401991   0.0005993267   3367112
144   0.0001402168   0.0006516337   3366922
145   0.0001400645   0.0005824613   3366747
146   0.0001401769   0.0002812968   3366551
147   0.0001403373   -0.0002923043   3366355
148   0.0001403808   0.0010269862   3366160
149   0.0001403819   -0.0002549042   3365970
150   0.0001402894   0.0001194378   3365769
151   0.0001402125   0.0002709783   3365583
152   0.0001402716   -0.0004772084   3365406
153   0.0001401207   -0.0004992249   3365217
154   0.0001400698   -0.0004995502   3365027
155   0.0001398951   0.0000178314   3364844
156   0.0001398843   0.0007495563   3364657
157   0.0001398478   -0.0006711294   3364478
158   0.0001396098   -0.0004455621   3364290
159   0.0001394705   -0.0003040933   3364099
160   0.0001392634   -0.0005119057   3363901
161   0.0001392018   -0.0005919058   3363711
162   0.0001390420   -0.0006847002   3363516
163   0.0001388685   0.0001459856   3363345
164   0.0001388260   -0.0008848808   3363165
165   0.0001387431   -0.0003223336   3362975
166   0.0001387296   0.0000327109   3362793
167   0.0001387235   -0.0001662399   3362611
168   0.0001388279   0.0001130137   3362423
169   0.0001388246   0.0000898212   3362237
170   0.0001388764   0.0003845867   3362051
171   0.0001388098   -0.0002528356   3361869
172   0.0001388633   0.0002225069   3361693
173   0.0001386906   0.0002344184   3361511
174   0.0001386557   -0.0002980961   3361332
175   0.0001385550   -0.0005266056   3361149
176   0.0001383051   -0.0007256838   3360968
177   0.0001381717   0.0001243759   3360781
178   0.0001384042   -0.0003380360   3360589
179   0.0001384333   -0.0000925483   3360407
180   0.0001384858   0.0003127774   3360217
181   0.0001387263   -0.0001607128   3360031
182   0.0001387654   0.0008056898   3359854
183   0.0001388541   -0.0003786085   3359671
184   0.0001388010   -0.0003292170   3359486
185   0.0001388692   -0.0006385263   3359298
186   0.0001386566   -0.0008802893   3359123
187   0.0001385827   -0.0002101847   3358951
188   0.0001386673   -0.0002879027   3358774
189   0.0001386494   -0.0005749428   3358595
190   0.0001385653   0.0003528456   3358409
191   0.0001387433   -0.0002138028   3358235
192   0.0001388210   -0.0004922495   3358053
193   0.0001388915   0.0000205488   3357863
194   0.0001389059   0.0000893472   3357686
195   0.0001387849   0.0002275506   3357495
196   0.0001387214   0.0000145950   3357306
197   0.0001386800   -0.0001724688   3357128
198   0.0001386522   -0.0009758861   3356949
199   0.0001384272   -0.0000920530   3356763
200   0.0001384050   0.0002970287   3356578
201   0.0001384648   0.0003393523   3356394
202   0.0001383573   0.0004344173   3356220
203   0.0001384885   -0.0008072018   3356038
204   0.0001383948   -0.0000643650   3355860
205   0.0001383569   -0.0000822487   3355675
206   0.0001382679   0.0000047683   3355490
207   0.0001381347   -0.0005555387   3355302
208   0.0001380886   -0.0000631873   3355105
209   0.0001379649   -0.0000047691   3354918
210   0.0001382493   0.0002644031   3354726
211   0.0001382727   -0.0004262887   3354534
212   0.0001382417   0.0000038756   3354341
213   0.0001383425   -0.0002355289   3354153
214   0.0001382725   0.0001774022   3353960
215   0.0001381743   0.0001440166   3353780
216   0.0001379919   -0.0000044728   3353588
217   0.0001380754   0.0006339823   3353406
218   0.0001382179   -0.0004479278   3353219
219   0.0001379805   0.0004548128   3353028
220   0.0001378605   0.0003740116   3352837
221   0.0001380201   0.0008133881   3352643
222   0.0001381767   0.0004232696   3352473
223   0.0001382890   0.0000423592   3352286
224   0.0001384061   0.0001449840   3352094
225   0.0001384118   0.0000859211   3351911
226   0.0001382981   -0.0003108851   3351721
227   0.0001381900   -0.0001163645   3351539
228   0.0001381754   -0.0001629189   3351360
229   0.0001381450   -0.0001423380   3351178
230   0.0001382033   0.0006511497   3350996
231   0.0001382833   0.0007210195   3350811
232   0.0001384444   0.0001736991   3350622
233   0.0001383434   0.0001978847   3350436
234   0.0001385767   -0.0001949109   3350248
235   0.0001385813   0.0001047743   3350057
236   0.0001384343   -0.0000838837   3349878
237   0.0001384856   -0.0000546319   3349692
238   0.0001385476   0.0000200030   3349494
239   0.0001386249   -0.0000116442   3349300
240   0.0001386472   0.0002466329   3349107
241   0.0001384924   -0.0004756755   3348922
242   0.0001381912   -0.0005163142   3348736
243   0.0001381014   -0.0009577263   3348556
244   0.0001378593   0.0001603768   3348364
245   0.0001378119   0.0003443657   3348185
246   0.0001378379   -0.0002735955   3348008
247   0.0001377552   -0.0004074289   3347823
248   0.0001378177   -0.0004668965   3347637
249   0.0001375530   -0.0007038200   3347447
250   0.0001374063   0.0002575238   3347264
251   0.0001374457   0.0004663768   3347079
252   0.0001376613   -0.0002500828   3346891
253   0.0001373806   0.0002530848   3346704
254   0.0001373372   0.0002073797   3346518
255   0.0001373370   -0.0005214643   3346346
256   0.0001372667   -0.0001867805   3346174
257   0.0001371524   -0.0001467430   3345985
258   0.0001370654   0.0001440610   3345804
259   0.0001369374   -0.0002630313   3345610
260   0.0001367945   0.0000660603   3345430
261   0.0001368939   0.0002717285   3345251
262   0.0001369744   0.0004615742   3345074
263   0.0001369798   0.0001886463   3344884
264   0.0001368597   -0.0003931587   3344705
265   0.0001367219   0.0010650274   3344515
266   0.0001369067   0.0002377157   3344331
267   0.0001369719   -0.0004024940   3344149
268   0.0001367574   -0.0004099933   3343957
269   0.0001366939   -0.0000634015   3343768
270   0.0001366151   -0.0009136919   3343578
271   0.0001366013   -0.0011643867   3343391
272   0.0001365651   0.0000505502   3343213
273   0.0001366908   -0.0004579675   3343032
274   0.0001364393   -0.0008062000   3342843
275   0.0001364138   0.0001606508   3342653
276   0.0001365867   0.0000936432   3342473
277   0.0001366684   0.0000000000   3342285
278   0.0001366806   0.0000484724   3342105
279   0.0001365387   -0.0001205893   3341921
280   0.0001365358   -0.0004952511   3341739
281   0.0001362290   -0.0005802676   3341562
282   0.0001361708   -0.0007679464   3341379
283   0.0001358845   0.0004372678   3341202
284   0.0001357767   0.0000640524   3341015
285   0.0001357140   0.0002101278   3340824
286   0.0001356694   0.0000113751   3340641
287   0.0001356962   -0.0000730439   3340455
288   0.0001356121   -0.0001613649   3340256
289   0.0001356443   -0.0004541816   3340074
290   0.0001356457   0.0001664730   3339880
291   0.0001355340   0.0004206961   3339703
292   0.0001355465   0.0002470425   3339506
293   0.0001356397   0.0004396102   3339322
294   0.0001356855   0.0001979558   3339130
295   0.0001354454   0.0008472713   3338954
296   0.0001355060   0.0012166179   3338764
297   0.0001355170   0.0001249036   3338574
298   0.0001355413   0.0007506630   3338382
299   0.0001356526   0.0004712129   3338194
300   0.0001356296   0.0002846014   3338002
301   0.0001355611   0.0002306907   3337802
302   0.0001356731   0.0002079332   3337611
303   0.0001359161   -0.0005087753   3337426
304   0.0001358562   0.0002364223   3337248
305   0.0001360764   -0.0001594218   3337059
306   0.0001358639   -0.0000491477   3336880
307   0.0001357297   -0.0000509484   3336710
308   0.0001357395   -0.0005068153   3336521
309   0.0001360116   -0.0000248776   3336337
310   0.0001359167   -0.0003351165   3336153
311   0.0001361035   0.0002530009   3335957
312   0.0001361593   -0.0005366079   3335769
313   0.0001361422   -0.0001388059   3335594
314   0.0001361376   0.0003903569   3335409
315   0.0001363076   0.0004827269   3335219
316   0.0001362526   -0.0002290833   3335032
317   0.0001363869   0.0000968559   3334851
318   0.0001364595   -0.0002303081   3334663
319   0.0001364118   -0.0001145604   3334487
320   0.0001364422   0.0003769891   3334314
321   0.0001364184   0.0000035991   3334127
322   0.0001364407   -0.0001421740   3333943
323   0.0001365344   0.0000095988   3333765
324   0.0001366929   0.0001382898   3333578
325   0.0001367564   -0.0004133932   3333388
326   0.0001367246   0.0004053154   3333207
327   0.0001368760   -0.0000648061   3333021
328   0.0001370958   -0.0002709408   3332831
329   0.0001370563   0.0001386285   3332648
330   0.0001369234   -0.0002877755   3332459
331   0.0001369798   -0.0002925936   3332267
332   0.0001371747   -0.0002400903   3332079
333   0.0001373600   -0.0003139349   3331901
334   0.0001374430   -0.0007419569   3331730
335   0.0001373607   -0.0001539826   3331545
336   0.0001374425   0.0005376163   3331372
337   0.0001374521   -0.0001831181   3331183
338   0.0001375828   -0.0004091870   3330995
339   0.0001375058   -0.0001498128   3330823
340   0.0001376106   -0.0003482822   3330632
341   0.0001375936   -0.0003452985   3330452
342   0.0001377255   -0.0001540419   3330263
343   0.0001375232   -0.0001942896   3330081
344   0.0001375291   0.0003877007   3329888
345   0.0001375763   -0.0004775212   3329695
346   0.0001374210   -0.0000165190   3329508
347   0.0001375576   -0.0002009420   3329319
348   0.0001375737   -0.0001826296   3329142
349   0.0001373960   -0.0008609275   3328968
350   0.0001371852   -0.0005287221   3328781
351   0.0001371164   -0.0005278513   3328589
352   0.0001370927   -0.0009436936   3328411
353   0.0001369022   -0.0000327503   3328212
354   0.0001368306   -0.0002824503   3328019
355   0.0001369100   0.0001766913   3327838
356   0.0001369754   -0.0002121619   3327648
357   0.0001370195   -0.0000117207   3327450
358   0.0001371614   0.0000084153   3327264
359   0.0001370135   -0.0002723108   3327081
360   0.0001369634   0.0007739957   3326892
361   0.0001370342   0.0001950885   3326696
362   0.0001371316   0.0001277615   3326511
363   0.0001372567   -0.0001704585   3326322
364   0.0001372486   0.0000469012   3326144
365   0.0001372720   0.0004320553   3325963
366   0.0001374262   0.0002228047   3325782
367   0.0001374397   0.0004432296   3325590
368   0.0001375416   0.0000312743   3325411
369   0.0001374625   -0.0002348715   3325222
370   0.0001374878   -0.0000315786   3325040
371   0.0001373029   0.0004358076   3324862
372   0.0001372645   -0.0004412451   3324683
373   0.0001372558   -0.0003495277   3324486
374   0.0001371597   -0.0008146069   3324303
375   0.0001370799   -0.0007003368   3324115
376   0.0001368310   -0.0000505427   3323920
377   0.0001367499   -0.0001377969   3323732
378   0.0001367157   0.0003029899   3323543
379   0.0001367654   0.0001399188   3323355
380   0.0001368080   -0.0001880725   3323187
381   0.0001368500   -0.0002795657   3323011
382   0.0001368044   -0.0007815618   3322834
383   0.0001366174   -0.0008592531   3322653
384   0.0001363700   -0.0004598985   3322472
385   0.0001362875   -0.0009394137   3322285
386   0.0001363203   -0.0007705960   3322104
387   0.0001360613   -0.0006749101   3321924
388   0.0001360816   -0.0004440433   3321748
389   0.0001360733   -0.0003474253   3321577
390   0.0001362356   -0.0000746676   3321386
391   0.0001361948   0.0002938686   3321212
392   0.0001362630   -0.0002378779   3321031
393   0.0001361791   -0.0002153059   3320857
394   0.0001360828   -0.0004423791   3320681
395   0.0001361597   -0.0004583662   3320489
396   0.0001362078   0.0012794032   3320298
397   0.0001362975   -0.0002487866   3320114
398   0.0001362406   -0.0002828364   3319940
399   0.0001360675   -0.0000397620   3319754
400   0.0001362222   0.0001964110   3319569
401   0.0001362219   0.0003337971   3319382
402   0.0001361905   -0.0000873704   3319203
403   0.0001361570   0.0003633607   3319016
404   0.0001361010   0.0002166420   3318839
405   0.0001359143   0.0001928493   3318654
406   0.0001358723   -0.0000412841   3318471
407   0.0001357222   -0.0006524431   3318297
408   0.0001355824   -0.0003037855   3318131
409   0.0001356833   0.0002344819   3317954
410   0.0001357029   -0.0000063295   3317778
411   0.0001357215   -0.0001914037   3317595
412   0.0001357951   0.0009748572   3317409
413   0.0001360316   0.0005121749   3317226
414   0.0001359472   0.0003551355   3317044
415   0.0001358776   0.0001854159   3316868
416   0.0001360127   0.0001935665   3316689
417   0.0001362444   -0.0005032402   3316508
418   0.0001362172   0.0004122031   3316326
419   0.0001363576   0.0002626547   3316141
420   0.0001363018   -0.0004556754   3315957
421   0.0001363026   -0.0006463038   3315778
422   0.0001360908   -0.0007316933   3315597
423   0.0001359647   0.0001848945   3315405
424   0.0001360746   -0.0003432639   3315234
425   0.0001359512   -0.0008563979   3315048
426   0.0001358092   0.0001674277   3314864
427   0.0001358180   0.0000244367   3314686
428   0.0001359087   0.0004588918   3314507
429   0.0001360257   -0.0003487889   3314326
430   0.0001360591   0.0002887625   3314142
431   0.0001359373   0.0001831651   3313950
432   0.0001359680   0.0000250470   3313776
433   0.0001360452   -0.0002565194   3313590
434   0.0001360233   0.0007762417   3313401
435   0.0001362052   0.0004074581   3313224
436   0.0001361777   0.0003730709   3313043
437   0.0001361871   0.0001128935   3312856
438   0.0001361200   0.0002411951   3312671
439   0.0001360506   0.0007547170   3312500
440   0.0001360802   -0.0001723868   3312319
441   0.0001358687   -0.0002210052   3312140
442   0.0001355287   0.0002702340   3311944
443   0.0001354001   -0.0002518304   3311753
444   0.0001353306   -0.0003427369   3311578
445   0.0001355622   -0.0003285615   3311404
446   0.0001356010   0.0002923387   3311228
447   0.0001356896   0.0002899389   3311043
448   0.0001357708   -0.0001392390   3310854
449   0.0001356034   0.0000265807   3310669
450   0.0001354066   0.0001184116   3310486
451   0.0001352867   -0.0002410653   3310307
452   0.0001352996   -0.0001344369   3310103
453   0.0001353899   0.0003111857   3309921
454   0.0001352991   0.0003586384   3309740
455   0.0001352829   0.0002459541   3309560
456   0.0001353866   0.0001492727   3309380
457   0.0001356780   -0.0001755706   3309210
458   0.0001355489   -0.0001163486   3309022
459   0.0001354136   0.0002541672   3308845
460   0.0001356197   0.0003236954   3308666
461   0.0001357046   0.0000943032   3308478
462   0.0001356686   -0.0000894720   3308297
463   0.0001355880   0.0005658820   3308110
464   0.0001354537   0.0004147615   3307925
465   0.0001353020   0.0004791803   3307732
466   0.0001353559   0.0010869082   3307547
467   0.0001353382   0.0003087043   3307372
468   0.0001351260   0.0000798260   3307194
469   0.0001349724   -0.0004215293   3307006
470   0.0001348662   -0.0001654156   3306823
471   0.0001347900   -0.0002625021   3306640
472   0.0001347175   0.0006336110   3306445
473   0.0001347854   0.0003478250   3306260
474   0.0001349862   -0.0001376246   3306094
475   0.0001349321   -0.0006315952   3305915
476   0.0001346755   -0.0002350468   3305724
477   0.0001346768   0.0003100852   3305543
478   0.0001348307   0.0001161750   3305358
479   0.0001349444   0.0002713926   3305175
480   0.0001349432   0.0000124055   3304987
481   0.0001350141   -0.0000018155   3304816
482   0.0001349234   0.0006602851   3304633
483   0.0001350862   0.0001740079   3304448
484   0.0001352278   -0.0004642472   3304274
485   0.0001352398   0.0003241444   3304083
486   0.0001351143   0.0003383876   3303904
487   0.0001351657   0.0009265316   3303719
488   0.0001350805   0.0006717053   3303532
489   0.0001351808   -0.0000638744   3303356
490   0.0001352154   0.0004516855   3303183
491   0.0001353479   0.0001371482   3302997
492   0.0001353499   0.0001580471   3302813
493   0.0001353776   0.0002752354   3302628
494   0.0001352836   0.0000529912   3302436
495   0.0001351649   0.0003721705   3302250
496   0.0001349362   -0.0007676968   3302085
497   0.0001348828   -0.0003858385   3301900
498   0.0001348002   -0.0000508826   3301720
499   0.0001348983   -0.0003192453   3301536
500   0.0001347104   0.0001502418   3301345
501   0.0001349443   0.0001235927   3301165
502   0.0001348555   -0.0006246613   3300989
503   0.0001349785   0.0005856156   3300800
504   0.0001351154   0.0000460520   3300616
505   0.0001349687   0.0000778684   3300441
506   0.0001351002   0.0005326850   3300262
507   0.0001350915   0.0005390793   3300071
508   0.0001353000   0.0001487930   3299887
509   0.0001353351   0.0001724390   3299717
510   0.0001353163   -0.0000751620   3299538
511   0.0001353166   0.0000460694   3299372
512   0.0001353742   -0.0005358888   3299192
513   0.0001354786   -0.0004892347   3299030
514   0.0001353775   0.0000366795   3298844
515   0.0001352285   -0.0003925856   3298644
516   0.0001349694   -0.0003498606   3298457
517   0.0001349387   0.0005793943   3298272
518   0.0001349104   -0.0004505633   3298094
519   0.0001350539   0.0001973970   3297923
520   0.0001351082   0.0001576829   3297757
521   0.0001353329   0.0008942927   3297578
522   0.0001355077   0.0003436051   3297390
523   0.0001355548   -0.0001558897   3297204
524   0.0001354462   0.0005304781   3297026
525   0.0001353245   -0.0002927040   3296846
526   0.0001354702   -0.0011162790   3296667
527   0.0001352882   -0.0000688611   3296491
528   0.0001352889   -0.0001492581   3296303
529   0.0001351947   0.0010406178   3296119
530   0.0001353121   0.0002424198   3295935
531   0.0001351888   -0.0000197223   3295757
532   0.0001350511   0.0001477735   3295584
533   0.0001350378   0.0009859213   3295395
534   0.0001354043   0.0005122603   3295200
535   0.0001355744   0.0001326241   3295026
536   0.0001354775   -0.0002400723   3294841
537   0.0001353663   0.0001711862   3294659
538   0.0001353456   0.0004534862   3294477
539   0.0001354132   0.0007658702   3294292
540   0.0001354949   0.0002628938   3294106
541   0.0001355102   0.0003949707   3293915
542   0.0001356894   0.0003895274   3293735
543   0.0001360514   0.0000898724   3293557
544   0.0001359823   0.0006592028   3293372
545   0.0001361480   -0.0001667073   3293198
546   0.0001362865   0.0001463701   3293022
547   0.0001364204   0.0000999137   3292842
548   0.0001365834   0.0006019479   3292644
549   0.0001365553   0.0001184519   3292477
550   0.0001365061   0.0005446047   3292296
551   0.0001365088   0.0000850519   3292107
552   0.0001365712   0.0010896367   3291923
553   0.0001365453   0.0008010963   3291739
554   0.0001366202   0.0008698011   3291557
555   0.0001368446   -0.0002546051   3291371
556   0.0001367073   -0.0001507051   3291195
557   0.0001366840   -0.0003403215   3291006
558   0.0001364796   0.0005797931   3290829
559   0.0001366861   0.0000422411   3290631
560   0.0001368167   0.0008287630   3290446
561   0.0001367649   -0.0007124055   3290261
562   0.0001365747   0.0008373672   3290074
563   0.0001368440   0.0000130704   3289887
564   0.0001368418   0.0000185427   3289707
565   0.0001369635   0.0002729881   3289521
566   0.0001370652   0.0004700035   3289337
567   0.0001371409   0.0002018759   3289150
568   0.0001371251   0.0007516051   3288961
569   0.0001371653   -0.0004913693   3288769
570   0.0001369638   -0.0000617286   3288588
571   0.0001368830   0.0005288280   3288404
572   0.0001370553   0.0001474960   3288225
573   0.0001369298   0.0002308365   3288042
574   0.0001369283   -0.0000933740   3287854
575   0.0001368555   -0.0006156347   3287664
576   0.0001367283   -0.0005405366   3287474
577   0.0001365445   -0.0008207363   3287292
578   0.0001361771   -0.0008128753   3287097
579   0.0001361207   -0.0002303086   3286894
580   0.0001360505   -0.0010420777   3286703
581   0.0001359478   -0.0008954791   3286509
582   0.0001357288   -0.0003843209   3286316
583   0.0001357050   -0.0000909890   3286113
584   0.0001358490   -0.0006911285   3285930
585   0.0001356550   0.0008740798   3285741
586   0.0001358714   -0.0001728783   3285549
587   0.0001358039   -0.0002158070   3285343
588   0.0001356403   -0.0007089487   3285146
589   0.0001355099   -0.0000423141   3284960
590   0.0001354450   0.0006907665   3284757
591   0.0001353776   0.0007672247   3284566
592   0.0001356003   0.0000669838   3284378
593   0.0001353259   0.0000006090   3284187
594   0.0001354108   -0.0000170524   3283987
595   0.0001354681   0.0008076034   3283790
596   0.0001355639   -0.0000895358   3283601
597   0.0001354319   0.0006435377   3283413
598   0.0001352609   0.0000380723   3283223
599   0.0001353019   -0.0000511722   3283031
600   0.0001352244   0.0003131434   3282841
601   0.0001352805   0.0001197201   3282658
602   0.0001353825   0.0002223926   3282483
603   0.0001355038   -0.0003387848   3282320
604   0.0001356420   0.0005121648   3282147
605   0.0001358060   0.0006937902   3281972
606   0.0001359061   0.0011073229   3281789
607   0.0001358740   0.0003092991   3281613
608   0.0001358629   0.0002258161   3281431
609   0.0001359111   -0.0000496759   3281267
610   0.0001359276   0.0006065048   3281095
611   0.0001360883   0.0003736758   3280919
612   0.0001362281   -0.0002374461   3280744
613   0.0001362861   0.0002246562   3280568
614   0.0001363727   0.0001463240   3280392
615   0.0001364123   0.0006703837   3280211
616   0.0001365296   0.0001466445   3280041
617   0.0001365256   0.0007994217   3279871
618   0.0001366836   -0.0002488043   3279686
619   0.0001366357   -0.0000332367   3279506
620   0.0001364669   -0.0000835537   3279328
621   0.0001364441   -0.0005900928   3279145
622   0.0001364511   0.0000152487   3278965
623   0.0001365499   0.0004211922   3278788
624   0.0001365909   -0.0002751161   3278616
625   0.0001364544   -0.0001287200   3278435
626   0.0001363927   -0.0001857695   3278257
627   0.0001363425   0.0007678313   3278064
628   0.0001363026   0.0004621874   3277891
629   0.0001364738   0.0006766891   3277724
630   0.0001366607   0.0009150141   3277545
631   0.0001367597   -0.0003691999   3277357
632   0.0001365661   -0.0002581481   3277188
633   0.0001364198   0.0000613366   3277002
634   0.0001363921   0.0000912471   3276818
635   0.0001363281   0.0003753853   3276633
636   0.0001363207   -0.0005505963   3276448
637   0.0001361356   -0.0011299445   3276267
638   0.0001360386   -0.0000943198   3276088
639   0.0001361915   -0.0002771751   3275907
640   0.0001359362   -0.0002255986   3275729
641   0.0001359942   -0.0001300548   3275542
642   0.0001360975   0.0000665575   3275365
643   0.0001361064   0.0007007253   3275178
644   0.0001362344   0.0007957257   3274998
645   0.0001364614   -0.0004549864   3274823
646   0.0001363919   0.0006214429   3274637
647   0.0001363608   -0.0003292156   3274450
648   0.0001360308   -0.0002174538   3274259
649   0.0001358526   0.0004419565   3274078
650   0.0001359412   -0.0001463088   3273897
651   0.0001358950   -0.0004985171   3273709
652   0.0001356514   -0.0004398925   3273527
653   0.0001357556   -0.0002914442   3273354
654   0.0001357147   -0.0003574502   3273183
655   0.0001358567   0.0006223669   3272989
656   0.0001360620   -0.0007928976   3272806
657   0.0001359217   -0.0000828081   3272628
658   0.0001359486   0.0005980249   3272439
659   0.0001360865   -0.0004724589   3272242
660   0.0001360150   0.0008954590   3272065
661   0.0001359803   0.0008239916   3271878
662   0.0001360556   0.0004532817   3271696
663   0.0001360907   0.0000421823   3271516
664   0.0001362371   -0.0001167720   3271331
665   0.0001362927   -0.0001375658   3271161
666   0.0001362966   -0.0000455521   3270981
667   0.0001363998   0.0000730707   3270804
668   0.0001363049   0.0001589910   3270626
669   0.0001362867   -0.0000070327   3270452
670   0.0001361811   -0.0002382053   3270288
671   0.0001362388   -0.0001195676   3270118
672   0.0001361718   -0.0001235499   3269934
673   0.0001361620   0.0002091892   3269767
674   0.0001362099   0.0002654766   3269591
675   0.0001361459   0.0001471212   3269414
676   0.0001360914   -0.0000312000   3269236
677   0.0001361978   0.0002116810   3269070
678   0.0001362638   0.0003937109   3268896
679   0.0001364876   0.0001832521   3268721
680   0.0001364955   0.0000547641   3268563
681   0.0001366932   0.0004433355   3268405
682   0.0001367968   -0.0001055616   3268234
683   0.0001368237   0.0008151613   3268065
684   0.0001368901   0.0003724116   3267890
685   0.0001367488   0.0003598841   3267719
686   0.0001367080   -0.0002338144   3267549
687   0.0001368163   0.0003424756   3267386
688   0.0001366753   0.0003669793   3267214
689   0.0001367420   0.0008441887   3267042
690   0.0001367596   0.0004603788   3266875
691   0.0001367606   -0.0000477546   3266701
692   0.0001365551   -0.0000734723   3266536
693   0.0001364371   0.0003716677   3266359
694   0.0001364584   0.0000949119   3266186
695   0.0001364770   -0.0002082054   3266005
696   0.0001365230   -0.0000881861   3265819
697   0.0001364014   0.0002887641   3265641
698   0.0001362981   -0.0003488016   3265467
699   0.0001362700   -0.0000422626   3265301
700   0.0001361409   -0.0004710376   3265132
701   0.0001359970   -0.0003222095   3264956
702   0.0001360833   -0.0004955917   3264784
703   0.0001362097   -0.0001586717   3264602
704   0.0001361962   -0.0001228391   3264433
705   0.0001362689   0.0006957169   3264259
706   0.0001363659   -0.0004172689   3264082
707   0.0001363119   -0.0005349424   3263903
708   0.0001362350   -0.0002748398   3263719
709   0.0001362133   0.0001587235   3263536
710   0.0001360067   0.0001902951   3263353
711   0.0001359927   0.0003763200   3263180
712   0.0001360354   0.0002657053   3263013
713   0.0001360558   -0.0000616027   3262843
714   0.0001360998   0.0002265022   3262662
715   0.0001361321   0.0000919547   3262477
716   0.0001361015   -0.0003282960   3262300
717   0.0001360807   -0.0001594053   3262125
718   0.0001359198   0.0003540833   3261944
719   0.0001359494   0.0001428669   3261778
720   0.0001358021   0.0005166181   3261597
721   0.0001360613   0.0010115223   3261421
722   0.0001362293   0.0004329639   3261242
723   0.0001363050   0.0005351006   3261069
724   0.0001364585   0.0001904387   3260891
725   0.0001365077   0.0006194970   3260710
726   0.0001366226   0.0000380306   3260535
727   0.0001365741   0.0006775305   3260370
728   0.0001367803   -0.0003055032   3260195
729   0.0001367166   -0.0006386454   3260025
730   0.0001365366   -0.0002377418   3259839
731   0.0001364764   -0.0011498086   3259673
732   0.0001364901   -0.0008424623   3259493
733   0.0001364180   0.0001764175   3259314
734   0.0001364628   0.0002991588   3259139
735   0.0001366518   -0.0001245795   3258964
736   0.0001365491   0.0002559225   3258799
737   0.0001366195   -0.0001307297   3258633
738   0.0001365650   -0.0001252125   3258461
739   0.0001364873   -0.0004235344   3258295
740   0.0001362962   -0.0000764247   3258110
741   0.0001361746   -0.0005009320   3257927
742   0.0001362180   0.0000457369   3257765
743   0.0001363100   0.0000620092   3257583
744   0.0001363391   0.0007226598   3257411
745   0.0001363248   -0.0000844274   3257236
746   0.0001364667   0.0001863646   3257057
747   0.0001365687   0.0003251570   3256888
748   0.0001364582   0.0005094086   3256718
749   0.0001362505   0.0003912134   3256535
750   0.0001363543   -0.0003688159   3256367
751   0.0001364807   -0.0003537889   3256179
752   0.0001363149   -0.0003277030   3255997
753   0.0001361389   0.0003596637   3255819
754   0.0001359840   0.0000537528   3255642
755   0.0001359016   0.0001661817   3255473
756   0.0001358655   -0.0003885977   3255295
757   0.0001356394   0.0003572829   3255124
758   0.0001356441   0.0000543785   3254963
759   0.0001355096   0.0006230826   3254785
760   0.0001356357   0.0001944933   3254611
761   0.0001357522   0.0001643911   3254434
762   0.0001356910   -0.0000267342   3254259
763   0.0001357766   -0.0000202822   3254077
764   0.0001357682   0.0003481969   3253906
765   0.0001356131   0.0001250872   3253730
766   0.0001357144   -0.0000098354   3253561
767   0.0001357019   -0.0002523536   3253371
768   0.0001357290   0.0001300260   3253196
769   0.0001354399   -0.0002898845   3253020
770   0.0001352740   0.0001555563   3252842
771   0.0001353530   0.0001103708   3252672
772   0.0001354208   -0.0003412769   3252491
773   0.0001353799   0.0002032395   3252321
774   0.0001355258   0.0003569953   3252144
775   0.0001357554   -0.0000568887   3251963
776   0.0001358042   -0.0002807693   3251780
777   0.0001358548   0.0002291184   3251594
778   0.0001359693   -0.0002300540   3251410
779   0.0001360723   0.0003558640   3251242
780   0.0001362351   -0.0004232459   3251065
781   0.0001360946   -0.0002685418   3250891
782   0.0001362539   -0.0001864204   3250718
783   0.0001364052   -0.0004313126   3250543
784   0.0001364300   0.0003891874   3250362
785   0.0001364473   -0.0002482932   3250190
786   0.0001364703   -0.0002403061   3250022
787   0.0001366357   -0.0001501616   3249833
788   0.0001365643   -0.0003274177   3249672
789   0.0001365317   -0.0008739820   3249495
790   0.0001364119   0.0000744769   3249330
791   0.0001364973   0.0002880738   3249167
792   0.0001366496   0.0004265933   3248996
793   0.0001368164   -0.0010428389   3248824
794   0.0001364495   -0.0006821297   3248649
795   0.0001363173   -0.0000714183   3248469
796   0.0001360593   0.0006686568   3248303
797   0.0001363468   0.0003340386   3248128
798   0.0001362849   -0.0001665665   3247952
799   0.0001361039   0.0000837499   3247766
800   0.0001361435   0.0004997544   3247595
801   0.0001360291   -0.0003510467   3247431
802   0.0001358575   0.0002682261   3247261
803   0.0001355982   0.0007283480   3247074
804   0.0001355959   0.0003132228   3246890
805   0.0001357659   0.0009926960   3246714
806   0.0001357582   -0.0000520555   3246537
807   0.0001355380   0.0004928585   3246368
808   0.0001356449   0.0003363936   3246197
809   0.0001356711   -0.0004485490   3246022
810   0.0001355772   -0.0007794552   3245857
811   0.0001354071   -0.0006870673   3245679
812   0.0001352333   -0.0001392696   3245503
813   0.0001352224   0.0004973302   3245329
814   0.0001353632   0.0001929034   3245147
815   0.0001354614   0.0005950725   3244983
816   0.0001354507   0.0008937357   3244807
817   0.0001354619   0.0001380740   3244638
818   0.0001353948   0.0005840729   3244458
819   0.0001353589   0.0009117588   3244279
820   0.0001351821   0.0002746513   3244113
821   0.0001352307   0.0009624120   3243933
822   0.0001354022   -0.0001529092   3243755
823   0.0001354613   -0.0005996468   3243576
824   0.0001351950   0.0001834490   3243409
825   0.0001352092   -0.0001412172   3243232
826   0.0001351339   -0.0002170799   3243046
827   0.0001351825   -0.0001403076   3242874
828   0.0001350879   0.0001837971   3242706
829   0.0001350095   -0.0002895895   3242521
830   0.0001350197   0.0001119558   3242351
831   0.0001350875   0.0006794823   3242174
832   0.0001349326   0.0002325730   3241993
833   0.0001349569   0.0003297539   3241812
834   0.0001350000   -0.0002683825   3241642
835   0.0001349284   0.0004081490   3241463
836   0.0001350853   -0.0000863853   3241293
837   0.0001350023   -0.0005825161   3241112
838   0.0001350171   0.0002662812   3240935
839   0.0001349866   0.0010389551   3240756
840   0.0001350857   -0.0002876035   3240572
841   0.0001349822   0.0005718440   3240394
842   0.0001352772   0.0004212664   3240230
843   0.0001353604   0.0004617198   3240060
844   0.0001354199   0.0008778100   3239881
845   0.0001356651   -0.0004231865   3239706
846   0.0001354416   0.0001740995   3239527
847   0.0001354381   0.0008560373   3239345
848   0.0001355245   0.0006730123   3239168
849   0.0001357179   0.0003377588   3238998
850   0.0001357811   0.0005097523   3238828
851   0.0001358737   0.0004869319   3238646
852   0.0001359114   -0.0001886692   3238472
853   0.0001357828   0.0007788042   3238298
854   0.0001359429   0.0005231424   3238124
855   0.0001358647   0.0005324352   3237953
856   0.0001358962   0.0011353462   3237779
857   0.0001360583   0.0001933523   3237613
858   0.0001361818   -0.0002372252   3237430
859   0.0001361465   0.0003336152   3237263
860   0.0001361620   0.0007343008   3237093
861   0.0001362072   0.0001278990   3236930
862   0.0001361118   0.0009416807   3236766
863   0.0001363151   0.0004381152   3236592
864   0.0001364080   0.0006559713   3236422
865   0.0001365380   -0.0004656594   3236271
866   0.0001364685   0.0006776682   3236097
867   0.0001364853   0.0005364752   3235937
868   0.0001366573   0.0002787597   3235762
869   0.0001367605   0.0001341334   3235585
870   0.0001366824   -0.0003504966   3235409
871   0.0001364579   0.0001764946   3235227
872   0.0001363244   -0.0002151434   3235051
873   0.0001363203   0.0005650905   3234880
874   0.0001364182   -0.0001687945   3234702
875   0.0001363034   0.0009268735   3234530
876   0.0001365480   0.0001301658   3234336
877   0.0001365764   0.0002080920   3234146
878   0.0001366189   -0.0002888099   3233961
879   0.0001366450   0.0004854999   3233780
880   0.0001367018   0.0004932587   3233597
881   0.0001368088   0.0009658501   3233421
882   0.0001370407   0.0004722820   3233238
883   0.0001370711   0.0003448737   3233068
884   0.0001371459   0.0002261137   3232887
885   0.0001372615   0.0010025632   3232714
886   0.0001374918   -0.0002945065   3232526
887   0.0001373669   -0.0009887574   3232340
888   0.0001372804   -0.0004643936   3232172
889   0.0001370076   -0.0002914614   3231989
890   0.0001367910   0.0001042761   3231806
891   0.0001366638   0.0007018156   3231618
892   0.0001367429   0.0003394779   3231433
893   0.0001368043   0.0000984141   3231244
894   0.0001366963   0.0002315038   3231049
895   0.0001365346   -0.0002832062   3230861
896   0.0001364781   0.0000120718   3230678
897   0.0001361578   0.0003250278   3230493
898   0.0001360594   -0.0002519887   3230303
899   0.0001360335   0.0004959563   3230123
900   0.0001360437   0.0001161009   3229950
901   0.0001361382   0.0004944632   3229765
902   0.0001362122   -0.0001108502   3229585
903   0.0001362267   -0.0005889602   3229420
904   0.0001361085   0.0006094304   3229245
905   0.0001360930   0.0000696796   3229064
906   0.0001359544   -0.0001508251   3228906
907   0.0001357919   0.0003642307   3228723
908   0.0001355790   0.0004401359   3228548
909   0.0001356915   0.0001554963   3228373
910   0.0001355218   0.0002239644   3228192
911   0.0001356094   -0.0000148698   3228020
912   0.0001358022   -0.0004008869   3227843
913   0.0001358989   0.0007159955   3227674
914   0.0001360182   0.0002193650   3227498
915   0.0001361663   0.0001852931   3227320
916   0.0001361890   -0.0001087649   3227145
917   0.0001360532   -0.0000043384   3226978
918   0.0001359599   -0.0005237387   3226800
919   0.0001359215   -0.0006483557   3226624
920   0.0001359427   -0.0001317237   3226450
921   0.0001360314   0.0002120095   3226271
922   0.0001359470   -0.0003245405   3226100
923   0.0001357051   -0.0006125367   3225929
924   0.0001357292   -0.0004963173   3225759
925   0.0001356671   -0.0000179812   3225586
926   0.0001357021   -0.0006470495   3225410
927   0.0001358094   0.0006300308   3225239
928   0.0001358473   0.0005754917   3225068
929   0.0001360676   0.0006381591   3224901
930   0.0001361960   0.0004508895   3224737
931   0.0001363646   0.0001122635   3224557
932   0.0001364002   0.0008764506   3224369
933   0.0001364302   0.0007850009   3224200
934   0.0001365068   -0.0002701603   3224012
935   0.0001363098   0.0000459081   3223833
936   0.0001364675   0.0009225542   3223659
937   0.0001366625   0.0006992434   3223484
938   0.0001366920   0.0001284394   3223310
939   0.0001366502   0.0003313536   3223143
940   0.0001367091   0.0004713050   3222966
941   0.0001367205   -0.0000698156   3222777
942   0.0001367030   0.0001536023   3222609
943   0.0001367387   -0.0000692022   3222439
944   0.0001367986   -0.0000971365   3222270
945   0.0001368460   -0.0000142764   3222106
946   0.0001367655   0.0004488011   3221917
947   0.0001367297   -0.0002902143   3221757
948   0.0001365511   0.0008638616   3221581
949   0.0001367193   -0.0000918854   3221405
950   0.0001368220   0.0006236758   3221225
951   0.0001369990   0.0003238080   3221045
952   0.0001371279   0.0007420342   3220876
953   0.0001373182   0.0003114231   3220699
954   0.0001375454   0.0009895905   3220524
955   0.0001378014   0.0007800399   3220348
956   0.0001380105   0.0005903426   3220164
957   0.0001379905   0.0009273324   3219989
958   0.0001382444   0.0002080863   3219818
959   0.0001382085   0.0008994775   3219647
960   0.0001383349   0.0004426185   3219477
961   0.0001382298   0.0000593297   3219299
962   0.0001381608   0.0005576048   3219126
963   0.0001381546   0.0002385864   3218960
964   0.0001382179   0.0004896257   3218785
965   0.0001381436   0.0006344356   3218609
966   0.0001380844   0.0003818639   3218424
967   0.0001380822   0.0002227924   3218243
968   0.0001382036   0.0005285780   3218068
969   0.0001383706   0.0003657660   3217904
970   0.0001385555   0.0007632717   3217727
971   0.0001387062   0.0009121856   3217547
972   0.0001389491   0.0014664078   3217386
973   0.0001389028   0.0006213452   3217213
974   0.0001389461   0.0006198219   3217053
975   0.0001388681   0.0006481433   3216881
976   0.0001388125   0.0006988524   3216702
977   0.0001387845   0.0004433370   3216515
978   0.0001387443   0.0003581706   3216344
979   0.0001387494   0.0000276726   3216173
980   0.0001385769   0.0007011801   3216007
981   0.0001385629   0.0002357085   3215837
982   0.0001383813   0.0005914766   3215681
983   0.0001385473   0.0004484516   3215509
984   0.0001385828   0.0002111757   3215332
985   0.0001388145   0.0001695094   3215160
986   0.0001389165   0.0005738746   3214988
987   0.0001389962   0.0005739067   3214808
988   0.0001390950   0.0001203870   3214632
989   0.0001390947   -0.0002305208   3214461
990   0.0001390491   -0.0000827555   3214287
991   0.0001391627   -0.0003105063   3214105
992   0.0001391575   0.0002218466   3213933
993   0.0001392619   -0.0001309992   3213760
994   0.0001392270   0.0005184246   3213582
995   0.0001393082   -0.0002106799   3213406
996   0.0001393032   0.0002723111   3213237
997   0.0001394354   0.0007027525   3213080
998   0.0001392013   0.0008867395   3212894
999   0.0001391648   0.0000725243   3212718
1000   0.0001388667   -0.0004843521   3212539
