0   0.0000000000   1.0000000000   1789476
1   0.0001787720   0.1348842512   1789349
2   0.0002138554   0.0609057334   1789224
3   0.0002218116   0.0338499994   1789099
4   0.0002244532   0.0224291449   1788967
5   0.0002261030   0.0177080544   1788847
6   0.0002275940   0.0135514233   1788742
7   0.0002285448   0.0104454306   1788629
8   0.0002289097   0.0097348918   1788515
9   0.0002299079   0.0089723008   1788393
10   0.0002303969   0.0098246230   1788262
11   0.0002314279   0.0085015382   1788147
12   0.0002324713   0.0079887205   1788021
13   0.0002331917   0.0064829559   1787919
14   0.0002332816   0.0059777046   1787810
15   0.0002333374   0.0067293321   1787696
16   0.0002341082   0.0056836681   1787578
17   0.0002348804   0.0052303268   1787460
18   0.0002343480   0.0048860208   1787344
19   0.0002346675   0.0054492117   1787231
20   0.0002350315   0.0065703294   1787125
21   0.0002358889   0.0056379438   1786999
22   0.0002363579   0.0040394544   1786875
23   0.0002362545   0.0041801944   1786759
24   0.0002361154   0.0041832410   1786653
25   0.0002360532   0.0040032756   1786537
26   0.0002361737   0.0030289748   1786413
27   0.0002361532   0.0033689731   1786301
28   0.0002360884   0.0029123556   1786183
29   0.0002362041   0.0034976526   1786055
30   0.0002364655   0.0046396021   1785929
31   0.0002375286   0.0037344545   1785803
32   0.0002378152   0.0030514798   1785691
33   0.0002377609   0.0034677924   1785574
34   0.0002373857   0.0036572983   1785471
35   0.0002371622   0.0041929708   1785369
36   0.0002366346   0.0021515134   1785255
37   0.0002365549   0.0025589072   1785137
38   0.0002360680   0.0025086511   1785023
39   0.0002359483   0.0027071241   1784920
40   0.0002356835   0.0028826485   1784817
41   0.0002351869   0.0022143778   1784700
42   0.0002349336   0.0020043966   1784577
43   0.0002344485   0.0026019090   1784459
44   0.0002346287   0.0021901484   1784354
45   0.0002342155   0.0022115983   1784230
46   0.0002336587   0.0020525663   1784108
47   0.0002336744   0.0016962017   1783986
48   0.0002333843   0.0025282012   1783877
49   0.0002335472   0.0012120471   1783759
50   0.0002334726   0.0020833824   1783638
51   0.0002333936   0.0016731006   1783515
52   0.0002330676   0.0022905532   1783412
53   0.0002325439   0.0005428203   1783279
54   0.0002324549   0.0010189793   1783157
55   0.0002324862   0.0016847744   1783028
56   0.0002321411   0.0021526762   1782897
57   0.0002316380   0.0014735463   1782774
58   0.0002315230   0.0014371902   1782645
59   0.0002314525   0.0022238217   1782517
60   0.0002317363   0.0022856797   1782402
61   0.0002319669   0.0022667531   1782285
62   0.0002317923   0.0017388933   1782168
63   0.0002319874   0.0026952015   1782056
64   0.0002311892   0.0017896135   1781949
65   0.0002307238   0.0008047879   1781836
66   0.0002303855   0.0009440311   1781721
67   0.0002298791   0.0011371679   1781619
68   0.0002300593   0.0012989083   1781496
69   0.0002303953   0.0006090790   1781378
70   0.0002300225   0.0015039873   1781265
71   0.0002300031   0.0013558671   1781148
72   0.0002292870   0.0013217012   1781038
73   0.0002298765   0.0015621034   1780932
74   0.0002297248   0.0007855954   1780815
75   0.0002291969   0.0008653856   1780709
76   0.0002290851   0.0000280806   1780588
77   0.0002287326   0.0009329013   1780467
78   0.0002289560   0.0014974542   1780355
79   0.0002289130   0.0018053746   1780240
80   0.0002292151   0.0016380973   1780114
81   0.0002292537   0.0010348309   1780001
82   0.0002288852   0.0013483979   1779890
83   0.0002286661   0.0009270783   1779785
84   0.0002285449   0.0015677055   1779671
85   0.0002287470   0.0019763123   1779577
86   0.0002288576   0.0014487566   1779457
87   0.0002289569   0.0008621160   1779343
88   0.0002284615   0.0015141398   1779228
89   0.0002285562   0.0014647806   1779106
90   0.0002284185   0.0019303185   1778981
91   0.0002289305   0.0010096303   1778869
92   0.0002290349   0.0006116617   1778761
93   0.0002291547   -0.0000073089   1778644
94   0.0002287378   -0.0002524545   1778538
95   0.0002283074   0.0007017429   1778429
96   0.0002281197   0.0011583960   1778321
97   0.0002280919   0.0015521261   1778206
98   0.0002279359   0.0003250650   1778106
99   0.0002274546   0.0007030375   1777999
100   0.0002270287   0.0011277458   1777883
101   0.0002269707   0.0010980141   1777755
102   0.0002265247   0.0022827993   1777642
103   0.0002266583   0.0013659442   1777525
104   0.0002269697   0.0000995830   1777412
105   0.0002267731   0.0009126172   1777306
106   0.0002265794   0.0000095657   1777186
107   0.0002262490   -0.0002453462   1777081
108   0.0002254628   -0.0002048437   1776965
109   0.0002251782   0.0003478087   1776839
110   0.0002248506   0.0000849882   1776718
111   0.0002248570   0.0011910371   1776603
112   0.0002245265   0.0001092040   1776491
113   0.0002240337   0.0003231320   1776364
114   0.0002240154   0.0006519393   1776239
115   0.0002244468   0.0015409917   1776129
116   0.0002249027   0.0007173395   1776007
117   0.0002244892   0.0008440767   1775905
118   0.0002244075   0.0008948165   1775783
119   0.0002249777   0.0015222577   1775652
120   0.0002252498   0.0018636668   1775532
121   0.0002258344   0.0021178243   1775407
122   0.0002255264   0.0012916141   1775298
123   0.0002253907   -0.0001160439   1775190
124   0.0002253968   0.0001143618   1775068
125   0.0002247674   0.0001723987   1774955
126   0.0002243865   0.0001802983   1774836
127   0.0002246559   0.0008666117   1774728
128   0.0002242534   -0.0003364150   1774594
129   0.0002241753   0.0009862011   1774486
130   0.0002241205   0.0005399093   1774372
131   0.0002242424   0.0002558818   1774257
132   0.0002236349   0.0003449549   1774145
133   0.0002239521   0.0008945724   1774032
134   0.0002240543   0.0002548054   1773903
135   0.0002235686   0.0015464002   1773797
136   0.0002238139   0.0005288461   1773673
137   0.0002242381   0.0003005248   1773564
138   0.0002238715   0.0007144255   1773453
139   0.0002238862   0.0004460512   1773339
140   0.0002241479   0.0010754392   1773229
141   0.0002247934   0.0010726836   1773123
142   0.0002245325   0.0003429187   1773015
143   0.0002242922   0.0002995098   1772897
144   0.0002244378   0.0008534579   1772788
145   0.0002248350   0.0006893525   1772678
146   0.0002252479   0.0001438592   1772567
147   0.0002249574   -0.0000981680   1772472
148   0.0002248373   0.0007464644   1772355
149   0.0002246685   0.0015308328   1772238
150   0.0002250335   0.0008819920   1772125
151   0.0002251033   0.0014655616   1772017
152   0.0002255386   0.0009357129   1771911
153   0.0002260947   0.0013331061   1771802
154   0.0002261278   0.0014658230   1771701
155   0.0002260036   0.0008218634   1771584
156   0.0002257151   0.0009026351   1771480
157   0.0002253341   0.0005368771   1771355
158   0.0002251043   0.0004189156   1771240
159   0.0002250857   0.0009191913   1771122
160   0.0002247875   0.0006945174   1771014
161   0.0002243936   0.0007787005   1770899
162   0.0002246558   -0.0002513015   1770781
163   0.0002248219   0.0000977035   1770664
164   0.0002246470   0.0001485400   1770567
165   0.0002245395   0.0003631841   1770452
166   0.0002244944   0.0007569206   1770331
167   0.0002247394   0.0008208061   1770211
168   0.0002245073   0.0012072689   1770111
169   0.0002246147   0.0016706234   1769998
170   0.0002251093   0.0013588392   1769893
171   0.0002256057   0.0003864878   1769784
172   0.0002252779   0.0007425088   1769676
173   0.0002251577   -0.0000186486   1769574
174   0.0002246926   0.0006990841   1769458
175   0.0002246404   0.0013100827   1769354
176   0.0002248103   0.0004216505   1769238
177   0.0002250843   0.0003900222   1769130
178   0.0002252404   0.0005206261   1769024
179   0.0002252042   0.0007009971   1768909
180   0.0002254735   0.0013715637   1768784
181   0.0002256064   0.0007259758   1768654
182   0.0002261670   0.0006530763   1768553
183   0.0002259637   0.0010268903   1768446
184   0.0002258969   -0.0003528777   1768318
185   0.0002256870   -0.0005372692   1768201
186   0.0002259129   0.0004411580   1768074
187   0.0002260633   0.0004434462   1767971
188   0.0002259488   0.0006663408   1767864
189   0.0002259650   0.0010533080   1767764
190   0.0002262711   0.0011365430   1767641
191   0.0002262103   0.0007796146   1767540
192   0.0002264775   -0.0002421606   1767422
193   0.0002263885   -0.0001391951   1767303
194   0.0002266075   0.0006513198   1767181
195   0.0002265704   0.0005953365   1767068
196   0.0002262923   0.0009524850   1766957
197   0.0002265875   0.0011059267   1766844
198   0.0002270161   0.0006305420   1766734
199   0.0002273587   0.0005649167   1766632
200   0.0002272474   0.0008927151   1766521
201   0.0002268255   0.0004517635   1766411
202   0.0002266336   0.0001166284   1766294
203   0.0002261676   0.0002983832   1766185
204   0.0002257511   0.0008742556   1766074
205   0.0002260497   0.0008561954   1765952
206   0.0002256006   -0.0000158564   1765844
207   0.0002255393   0.0002865656   1765739
208   0.0002254049   0.0001761410   1765631
209   0.0002255238   0.0007895700   1765518
210   0.0002258131   0.0005500151   1765406
211   0.0002259042   0.0000815731   1765287
212   0.0002260662   0.0001931813   1765181
213   0.0002258616   0.0010889068   1765073
214   0.0002261054   0.0006192789   1764956
215   0.0002257954   0.0008828031   1764833
216   0.0002256272   0.0001966324   1764714
217   0.0002260897   0.0012127449   1764592
218   0.0002260573   0.0001524540   1764467
219   0.0002259080   0.0007725308   1764331
220   0.0002259942   0.0004835020   1764212
221   0.0002263021   0.0007136808   1764094
222   0.0002263117   0.0006950208   1763976
223   0.0002267649   0.0001451357   1763866
224   0.0002266698   0.0001644229   1763745
225   0.0002261520   0.0000362888   1763630
226   0.0002258408   0.0003266213   1763510
227   0.0002260735   0.0000277872   1763403
228   0.0002259325   0.0005325245   1763299
229   0.0002257015   -0.0001259093   1763174
230   0.0002254550   0.0004775796   1763057
231   0.0002254121   0.0013897169   1762949
232   0.0002256315   0.0007624109   1762829
233   0.0002260536   -0.0000425479   1762719
234   0.0002255628   0.0002110507   1762610
235   0.0002246738   0.0005310699   1762480
236   0.0002244943   0.0007416175   1762364
237   0.0002243833   0.0002071225   1762242
238   0.0002243366   0.0000873950   1762115
239   0.0002244295   0.0010675369   1762000
240   0.0002247998   0.0008871186   1761884
241   0.0002250386   0.0007742192   1761775
242   0.0002251383   0.0011994376   1761659
243   0.0002251060   0.0004978584   1761545
244   0.0002244381   0.0008703116   1761438
245   0.0002245165   0.0004360336   1761332
246   0.0002242991   0.0002850278   1761232
247   0.0002239708   -0.0001953289   1761132
248   0.0002236205   0.0001635422   1761013
249   0.0002235702   0.0001357268   1760890
250   0.0002234568   0.0002777189   1760773
251   0.0002232374   0.0006696318   1760669
252   0.0002229061   0.0002624172   1760555
253   0.0002231153   0.0003175368   1760426
254   0.0002232086   0.0000238595   1760306
255   0.0002231123   0.0002903078   1760201
256   0.0002232042   -0.0000187491   1760081
257   0.0002233257   0.0005295518   1759979
258   0.0002233309   -0.0000494356   1759865
259   0.0002230416   0.0006847575   1759747
260   0.0002234812   0.0010280640   1759618
261   0.0002234443   0.0000596758   1759506
262   0.0002236160   0.0001290218   1759392
263   0.0002231605   0.0004723547   1759271
264   0.0002231409   0.0003228819   1759157
265   0.0002227251   0.0001824858   1759041
266   0.0002226116   -0.0005213394   1758931
267   0.0002225296   -0.0001347510   1758800
268   0.0002223525   -0.0002558729   1758686
269   0.0002223563   0.0002985372   1758575
270   0.0002227156   0.0006477288   1758452
271   0.0002223965   0.0012244524   1758337
272   0.0002225171   0.0011568485   1758225
273   0.0002221117   0.0003901933   1758103
274   0.0002218737   0.0000255976   1757975
275   0.0002216818   -0.0000830554   1757863
276   0.0002218534   0.0003060740   1757745
277   0.0002217500   0.0004642573   1757646
278   0.0002215096   -0.0002657114   1757546
279   0.0002211839   0.0003789616   1757434
280   0.0002215061   0.0009628309   1757318
281   0.0002212669   -0.0001354424   1757204
282   0.0002208465   0.0000165046   1757083
283   0.0002204405   -0.0003733694   1756973
284   0.0002201474   -0.0000705807   1756854
285   0.0002202103   0.0002669700   1756752
286   0.0002199716   0.0000449723   1756636
287   0.0002201411   0.0006729180   1756529
288   0.0002204746   0.0006148885   1756416
289   0.0002205420   0.0002801329   1756309
290   0.0002200588   0.0013580543   1756189
291   0.0002199318   -0.0001218627   1756075
292   0.0002202099   0.0006816803   1755955
293   0.0002205215   0.0009949688   1755834
294   0.0002207235   0.0014318912   1755720
295   0.0002210293   0.0008037097   1755609
296   0.0002210262   0.0002455151   1755493
297   0.0002212063   0.0007348815   1755385
298   0.0002215282   0.0009411636   1755274
299   0.0002216344   0.0014585640   1755151
300   0.0002221804   0.0009777533   1755044
301   0.0002224104   0.0006820839   1754916
302   0.0002224831   0.0007465217   1754805
303   0.0002224236   0.0012133149   1754697
304   0.0002227995   0.0006434581   1754582
305   0.0002223966   0.0004457194   1754467
306   0.0002223005   0.0003585378   1754348
307   0.0002231917   0.0001231309   1754230
308   0.0002230892   -0.0005615364   1754116
309   0.0002226500   -0.0003871116   1754016
310   0.0002225313   0.0001419684   1753912
311   0.0002229720   0.0006494502   1753791
312   0.0002229847   0.0005149201   1753670
313   0.0002230840   -0.0003404505   1753559
314   0.0002233504   -0.0002697548   1753444
315   0.0002232325   -0.0006484811   1753328
316   0.0002230079   0.0001534335   1753203
317   0.0002229942   0.0007763395   1753099
318   0.0002229656   0.0002635509   1752982
319   0.0002232929   0.0010217453   1752883
320   0.0002234799   0.0002926809   1752762
321   0.0002229988   0.0011862119   1752638
322   0.0002228371   0.0009289470   1752522
323   0.0002232105   0.0006220016   1752407
324   0.0002230919   0.0010220870   1752297
325   0.0002234123   0.0008235427   1752186
326   0.0002239093   0.0008281661   1752064
327   0.0002235962   0.0000736322   1751952
328   0.0002231658   0.0004618023   1751832
329   0.0002229708   0.0008032170   1751706
330   0.0002229123   0.0006987893   1751601
331   0.0002232621   0.0009900187   1751482
332   0.0002234351   0.0003734209   1751375
333   0.0002232983   0.0008839330   1751264
334   0.0002228459   0.0005556358   1751147
335   0.0002231431   -0.0001096489   1751043
336   0.0002233135   -0.0000862405   1750918
337   0.0002230134   0.0004003859   1750811
338   0.0002228980   0.0009653237   1750708
339   0.0002230375   0.0002450586   1750602
340   0.0002229597   0.0002604971   1750499
341   0.0002230026   0.0002090967   1750386
342   0.0002229682   0.0006541840   1750272
343   0.0002231519   0.0005759487   1750156
344   0.0002233337   0.0009816846   1750053
345   0.0002236259   0.0001491481   1749939
346   0.0002234958   0.0009743826   1749826
347   0.0002239795   0.0003846328   1749721
348   0.0002242169   0.0005589833   1749605
349   0.0002248735   0.0002354983   1749482
350   0.0002250486   0.0009832133   1749366
351   0.0002245015   0.0003281421   1749242
352   0.0002244913   0.0003847629   1749129
353   0.0002245145   0.0005700387   1749004
354   0.0002246330   0.0004517197   1748872
355   0.0002249324   0.0002310224   1748748
356   0.0002253883   0.0008212185   1748621
357   0.0002249575   0.0003574472   1748510
358   0.0002248394   -0.0004489886   1748374
359   0.0002246113   -0.0006555130   1748249
360   0.0002247544   0.0003426532   1748123
361   0.0002253438   0.0001973689   1747996
362   0.0002253538   0.0002099692   1747875
363   0.0002254067   -0.0001367458   1747768
364   0.0002251025   -0.0000205990   1747654
365   0.0002251572   -0.0009207213   1747543
366   0.0002253637   0.0003227586   1747436
367   0.0002250095   0.0004584171   1747317
368   0.0002253864   0.0000165979   1747205
369   0.0002249387   0.0001425236   1747079
370   0.0002250500   0.0007945208   1746965
371   0.0002253467   0.0000074419   1746861
372   0.0002249036   0.0003434945   1746753
373   0.0002250653   0.0002272954   1746626
374   0.0002251472   -0.0003778974   1746506
375   0.0002249484   0.0009156025   1746391
376   0.0002246777   0.0004346389   1746277
377   0.0002248699   0.0010451445   1746170
378   0.0002246598   0.0004072016   1746064
379   0.0002249841   0.0001815625   1745955
380   0.0002250260   0.0003648671   1745841
381   0.0002250657   0.0000870698   1745726
382   0.0002250032   -0.0003288221   1745625
383   0.0002249320   0.0008753868   1745514
384   0.0002250670   0.0001621403   1745402
385   0.0002248638   0.0005867247   1745282
386   0.0002248402   0.0002286319   1745163
387   0.0002245548   -0.0008274858   1745045
388   0.0002241380   -0.0004865550   1744921
389   0.0002240277   0.0000796650   1744806
390   0.0002244396   0.0000011463   1744692
391   0.0002244871   0.0002780047   1744575
392   0.0002239140   -0.0001198075   1744465
393   0.0002239566   -0.0001089227   1744357
394   0.0002241363   -0.0001966456   1744255
395   0.0002243267   0.0000086002   1744144
396   0.0002244649   -0.0007843951   1744019
397   0.0002239234   -0.0002093000   1743908
398   0.0002237495   0.0002030059   1743792
399   0.0002237731   0.0004347143   1743674
400   0.0002237161   0.0006670330   1743542
401   0.0002239815   0.0001628956   1743448
402   0.0002237359   0.0002787768   1743330
403   0.0002235003   0.0005300536   1743220
404   0.0002233252   0.0008576674   1743100
405   0.0002228163   -0.0000332764   1742977
406   0.0002225383   0.0001331138   1742869
407   0.0002221174   0.0001755837   1742759
408   0.0002221863   0.0008722403   1742639
409   0.0002224252   0.0009268154   1742526
410   0.0002226442   0.0010881437   1742417
411   0.0002232437   0.0010250806   1742302
412   0.0002232890   0.0011273174   1742189
413   0.0002234266   0.0011859448   1742071
414   0.0002235155   0.0014512555   1741940
415   0.0002234486   0.0009978098   1741815
416   0.0002233173   0.0001756897   1741707
417   0.0002229684   0.0000637348   1741593
418   0.0002222120   -0.0005340328   1741466
419   0.0002223786   0.0007396590   1741343
420   0.0002225297   0.0006587301   1741229
421   0.0002227014   0.0004221430   1741116
422   0.0002229986   0.0002096503   1740994
423   0.0002226298   -0.0005525944   1740879
424   0.0002220002   0.0011282409   1740763
425   0.0002221063   0.0006916925   1740658
426   0.0002222507   0.0009669307   1740559
427   0.0002224528   0.0005785913   1740434
428   0.0002222559   0.0002924765   1740311
429   0.0002218447   0.0006596894   1740213
430   0.0002220302   0.0001482666   1740109
431   0.0002222551   0.0000672418   1739989
432   0.0002223643   0.0007109665   1739885
433   0.0002224313   0.0006334178   1739768
434   0.0002225849   0.0001718727   1739660
435   0.0002225918   0.0006858064   1739558
436   0.0002222078   0.0005817951   1739444
437   0.0002219757   -0.0002115769   1739320
438   0.0002222795   0.0001075208   1739199
439   0.0002220417   -0.0004456354   1739090
440   0.0002221935   0.0010632725   1738971
441   0.0002220882   0.0003007730   1738853
442   0.0002223032   0.0015861961   1738751
443   0.0002226447   0.0009415389   1738643
444   0.0002224036   0.0011423398   1738537
445   0.0002229483   0.0005769564   1738433
446   0.0002233762   0.0013242641   1738324
447   0.0002232681   0.0006869084   1738223
448   0.0002231700   0.0000264655   1738114
449   0.0002225813   0.0001375148   1737995
450   0.0002222498   -0.0000086312   1737878
451   0.0002221178   0.0005133006   1737773
452   0.0002216884   0.0004396720   1737659
453   0.0002217861   -0.0003982617   1737551
454   0.0002214873   -0.0005721087   1737432
455   0.0002211639   0.0002503857   1737320
456   0.0002211505   -0.0001047658   1737208
457   0.0002210242   0.0002389046   1737095
458   0.0002214570   0.0002642504   1736989
459   0.0002210606   0.0001738740   1736890
460   0.0002209784   -0.0001669765   1736771
461   0.0002206562   -0.0001520160   1736659
462   0.0002207652   0.0003276621   1736545
463   0.0002209636   0.0006455733   1736441
464   0.0002214152   0.0002539837   1736332
465   0.0002211345   0.0008207476   1736222
466   0.0002207714   0.0003502092   1736105
467   0.0002208853   0.0006180904   1735992
468   0.0002216565   0.0009729851   1735895
469   0.0002216812   0.0009672840   1735788
470   0.0002217127   0.0010422404   1735684
471   0.0002223502   -0.0001382824   1735579
472   0.0002219652   -0.0000616552   1735459
473   0.0002221975   0.0004074090   1735357
474   0.0002218763   0.0002777695   1735252
475   0.0002216234   0.0008281714   1735148
476   0.0002219004   0.0004207384   1735045
477   0.0002215975   0.0006991645   1734928
478   0.0002212666   -0.0000801238   1734816
479   0.0002208868   -0.0001510333   1734717
480   0.0002209988   -0.0001660317   1734608
481   0.0002212344   -0.0000657252   1734494
482   0.0002210098   0.0008325742   1734380
483   0.0002210078   0.0001355035   1734273
484   0.0002208345   0.0006014384   1734176
485   0.0002207947   0.0002110634   1734076
486   0.0002207751   0.0001857005   1733975
487   0.0002208477   0.0008841478   1733873
488   0.0002215282   0.0008357539   1733764
489   0.0002213962   0.0005946973   1733655
490   0.0002214291   0.0002261271   1733538
491   0.0002214666   0.0002065274   1733426
492   0.0002216274   0.0003161566   1733318
493   0.0002214548   0.0007771756   1733199
494   0.0002216700   0.0007593387   1733087
495   0.0002219569   -0.0004974088   1732981
496   0.0002215880   0.0002291001   1732867
497   0.0002218854   0.0003422310   1732748
498   0.0002219083   0.0001200481   1732639
499   0.0002224499   0.0007913265   1732534
500   0.0002224443   -0.0001956794   1732426
501   0.0002220121   -0.0000785077   1732315
502   0.0002218882   0.0004000684   1732204
503   0.0002219654   -0.0002626877   1732095
504   0.0002218829   0.0013839636   1731982
505   0.0002222229   0.0005265981   1731871
506   0.0002225208   0.0005381827   1731754
507   0.0002221636   0.0013923161   1731647
508   0.0002224259   0.0004273660   1731537
509   0.0002226695   0.0001132015   1731426
510   0.0002226964   0.0006058971   1731317
511   0.0002228747   -0.0001276565   1731208
512   0.0002226787   0.0000629656   1731103
513   0.0002228673   0.0002657431   1730995
514   0.0002229700   0.0002368718   1730894
515   0.0002226116   -0.0001577319   1730785
516   0.0002224957   0.0009949944   1730663
517   0.0002235476   0.0004998391   1730557
518   0.0002236060   0.0005056526   1730437
519   0.0002233916   0.0007131641   1730317
520   0.0002233171   0.0003323298   1730209
521   0.0002234887   0.0012317207   1730100
522   0.0002239205   0.0003791932   1729989
523   0.0002235263   -0.0000601198   1729880
524   0.0002234101   0.0006278353   1729753
525   0.0002237112   0.0006845359   1729639
526   0.0002237592   -0.0002989269   1729520
527   0.0002240675   0.0010385015   1729415
528   0.0002246269   0.0009842167   1729294
529   0.0002246186   0.0008940592   1729192
530   0.0002246333   0.0006535313   1729068
531   0.0002248975   0.0002215207   1728958
532   0.0002248148   -0.0001492322   1728849
533   0.0002243095   0.0003678997   1728732
534   0.0002246651   0.0011286486   1728616
535   0.0002248894   0.0008377167   1728508
536   0.0002243670   -0.0001313356   1728396
537   0.0002247199   0.0006839130   1728290
538   0.0002249052   -0.0003159386   1728184
539   0.0002249503   0.0005364347   1728076
540   0.0002249756   0.0004450355   1727952
541   0.0002249823   -0.0001649470   1727828
542   0.0002248478   -0.0001857952   1727709
543   0.0002246402   -0.0004312356   1727594
544   0.0002246272   0.0000943570   1727481
545   0.0002243703   -0.0006674930   1727359
546   0.0002242611   0.0002802149   1727246
547   0.0002244157   -0.0004035566   1727143
548   0.0002243615   -0.0003896872   1727026
549   0.0002241308   0.0000567489   1726907
550   0.0002238465   0.0001169797   1726796
551   0.0002238371   -0.0003434330   1726683
552   0.0002235094   0.0005328493   1726567
553   0.0002236168   0.0001471213   1726466
554   0.0002237341   -0.0004396552   1726353
555   0.0002236015   0.0009089097   1726244
556   0.0002234252   0.0004982241   1726131
557   0.0002233124   0.0004976750   1726026
558   0.0002230597   0.0002543586   1725910
559   0.0002230552   0.0000550471   1725795
560   0.0002227777   0.0011357848   1725679
561   0.0002231550   -0.0003378607   1725563
562   0.0002231072   0.0005105935   1725443
563   0.0002226439   0.0000869399   1725330
564   0.0002224869   0.0006381787   1725222
565   0.0002227005   -0.0002191162   1725112
566   0.0002219823   0.0007785516   1724998
567   0.0002219865   0.0009345588   1724878
568   0.0002221330   0.0005977636   1724762
569   0.0002227189   0.0004360330   1724640
570   0.0002228872   0.0010982773   1724519
571   0.0002228764   0.0003978202   1724397
572   0.0002228339   0.0000707544   1724275
573   0.0002223789   0.0000429196   1724155
574   0.0002223409   0.0006972045   1724028
575   0.0002226264   0.0005742779   1723904
576   0.0002225785   0.0006816451   1723771
577   0.0002224873   0.0008186083   1723657
578   0.0002220033   0.0008041575   1723543
579   0.0002222525   0.0004572304   1723420
580   0.0002222559   0.0006858989   1723286
581   0.0002220479   0.0008345070   1723173
582   0.0002219373   0.0007875597   1723044
583   0.0002219660   0.0000829988   1722917
584   0.0002220253   0.0004365000   1722795
585   0.0002225279   -0.0000696594   1722668
586   0.0002228313   0.0006327850   1722544
587   0.0002232089   0.0001242438   1722420
588   0.0002233686   0.0003959872   1722278
589   0.0002233544   0.0010899192   1722146
590   0.0002233532   0.0007096321   1722019
591   0.0002234010   0.0006800702   1721881
592   0.0002233381   0.0007881571   1721738
593   0.0002231514   0.0003990467   1721603
594   0.0002224549   -0.0003613225   1721454
595   0.0002222367   -0.0000226571   1721314
596   0.0002217994   0.0002765569   1721165
597   0.0002216798   0.0002382301   1721025
598   0.0002219655   0.0011592751   1720903
599   0.0002218922   0.0000720600   1720789
600   0.0002212346   0.0001452923   1720669
601   0.0002212612   0.0002016797   1720550
602   0.0002216868   0.0003847808   1720460
603   0.0002219250   0.0002726183   1720354
604   0.0002219450   0.0009655573   1720250
605   0.0002222157   0.0011853611   1720151
606   0.0002222732   0.0003581318   1720037
607   0.0002226159   -0.0002773375   1719926
608   0.0002225036   -0.0006163425   1719823
609   0.0002224489   0.0001663074   1719707
610   0.0002223153   0.0005402400   1719606
611   0.0002222742   0.0009938866   1719512
612   0.0002223109   0.0001715696   1719419
613   0.0002223648   0.0008200917   1719320
614   0.0002225406   0.0005531614   1719209
615   0.0002228723   0.0016142205   1719096
616   0.0002228450   0.0010785447   1718983
617   0.0002228204   0.0006137746   1718872
618   0.0002227286   -0.0000436358   1718771
619   0.0002225492   -0.0001181150   1718664
620   0.0002228236   0.0008355833   1718560
621   0.0002233751   0.0008839310   1718460
622   0.0002229197   0.0006954386   1718340
623   0.0002228780   0.0010400225   1718232
624   0.0002222801   -0.0000174609   1718129
625   0.0002218815   0.0009755427   1718018
626   0.0002222255   0.0003870981   1717911
627   0.0002219345   -0.0000116428   1717801
628   0.0002218928   0.0002433492   1717696
629   0.0002218487   0.0012238042   1717595
630   0.0002216554   0.0005478929   1717489
631   0.0002215722   0.0003953685   1717385
632   0.0002220373   0.0013259364   1717277
633   0.0002220171   0.0008059820   1717160
634   0.0002224408   0.0007035339   1717046
635   0.0002227482   0.0008462725   1716941
636   0.0002231397   0.0017689620   1716826
637   0.0002234172   0.0013450068   1716720
638   0.0002238264   0.0008674032   1716618
639   0.0002242153   0.0011476802   1716506
640   0.0002243313   0.0006880705   1716394
641   0.0002240072   0.0002324777   1716294
642   0.0002236250   0.0009474558   1716175
643   0.0002237576   0.0003618727   1716073
644   0.0002235758   0.0006346265   1715970
645   0.0002238943   0.0005111098   1715874
646   0.0002241477   -0.0000303072   1715764
647   0.0002240010   -0.0003887739   1715650
648   0.0002240614   -0.0001090040   1715533
649   0.0002243717   -0.0002652424   1715412
650   0.0002242945   0.0001743140   1715295
651   0.0002244593   0.0009952291   1715183
652   0.0002246604   0.0007043453   1715068
653   0.0002249670   0.0007627045   1714950
654   0.0002249924   0.0008753095   1714822
655   0.0002252080   0.0006403430   1714706
656   0.0002253112   0.0010830514   1714600
657   0.0002261782   0.0009874622   1714496
658   0.0002263902   0.0008562907   1714371
659   0.0002268636   0.0015551927   1714257
660   0.0002270386   0.0011218408   1714147
661   0.0002274439   0.0013733707   1714031
662   0.0002275543   0.0007369089   1713916
663   0.0002276370   0.0008880767   1713816
664   0.0002275492   0.0005899509   1713702
665   0.0002273136   -0.0001102955   1713578
666   0.0002272778   -0.0001459036   1713460
667   0.0002273527   -0.0002270393   1713360
668   0.0002275404   0.0001470888   1713251
669   0.0002280400   0.0007687620   1713144
670   0.0002283290   0.0000840616   1713030
671   0.0002285008   0.0000957422   1712933
672   0.0002279851   0.0007461318   1712834
673   0.0002285341   0.0005821096   1712736
674   0.0002283486   0.0005763093   1712622
675   0.0002287519   -0.0001833555   1712520
676   0.0002285901   -0.0001121221   1712419
677   0.0002283190   0.0003042682   1712305
678   0.0002281256   0.0000905264   1712207
679   0.0002279333   0.0005157409   1712100
680   0.0002282056   0.0005210311   1711990
681   0.0002279272   -0.0000841179   1711883
682   0.0002281023   0.0003657012   1711780
683   0.0002283890   0.0006759409   1711688
684   0.0002286691   0.0005205686   1711590
685   0.0002289001   0.0003745279   1711488
686   0.0002295289   -0.0000128551   1711380
687   0.0002296108   0.0000298023   1711279
688   0.0002302723   0.0007982786   1711182
689   0.0002298073   -0.0001840943   1711080
690   0.0002296508   0.0006113441   1710984
691   0.0002291592   0.0002145084   1710889
692   0.0002294347   0.0007370851   1710793
693   0.0002293074   0.0007266121   1710679
694   0.0002290878   -0.0002952229   1710572
695   0.0002285403   0.0000268931   1710478
696   0.0002289041   -0.0001151810   1710351
697   0.0002292841   -0.0000713347   1710247
698   0.0002290600   0.0004262794   1710146
699   0.0002289496   0.0004801049   1710043
700   0.0002287509   0.0010462343   1709942
701   0.0002296067   0.0009673431   1709838
702   0.0002300198   0.0009633134   1709724
703   0.0002304650   0.0003907276   1709631
704   0.0002303800   0.0005861253   1709532
705   0.0002303417   0.0000971094   1709413
706   0.0002306058   -0.0000491428   1709306
707   0.0002307198   0.0003656664   1709208
708   0.0002306295   -0.0001059042   1709092
709   0.0002305926   0.0003048618   1708971
710   0.0002304086   0.0000175554   1708877
711   0.0002300653   -0.0006238402   1708771
712   0.0002298457   0.0001141235   1708675
713   0.0002295812   0.0004963206   1708573
714   0.0002300550   0.0005408354   1708468
715   0.0002300631   -0.0007281850   1708357
716   0.0002299810   0.0004794383   1708249
717   0.0002301046   0.0013822068   1708138
718   0.0002300225   0.0008114650   1708022
719   0.0002304581   0.0008033173   1707918
720   0.0002306564   0.0010539851   1707804
721   0.0002308501   0.0002008550   1707700
722   0.0002306093   0.0002951520   1707595
723   0.0002307301   0.0009311892   1707494
724   0.0002302699   -0.0003900661   1707403
725   0.0002305192   0.0002190596   1707298
726   0.0002304156   0.0006332043   1707190
727   0.0002297657   0.0001528910   1707099
728   0.0002297746   -0.0000298770   1706996
729   0.0002296625   0.0000855351   1706902
730   0.0002293668   0.0007188875   1706804
731   0.0002298394   0.0014982085   1706705
732   0.0002300280   0.0010008203   1706600
733   0.0002299360   0.0009030285   1706480
734   0.0002301091   0.0007630228   1706371
735   0.0002301951   0.0009418199   1706271
736   0.0002304641   0.0011077553   1706153
737   0.0002306297   0.0010749991   1706048
738   0.0002306812   0.0008792734   1705954
739   0.0002309990   0.0006594910   1705861
740   0.0002310081   0.0011566726   1705755
741   0.0002311037   0.0000779762   1705649
742   0.0002308977   0.0002063871   1705533
743   0.0002309282   0.0005505943   1705430
744   0.0002309782   0.0008895623   1705333
745   0.0002307016   0.0006356906   1705232
746   0.0002305206   0.0005102289   1705117
747   0.0002307632   0.0006281495   1705008
748   0.0002310000   0.0002293375   1704911
749   0.0002310006   -0.0005126671   1704810
750   0.0002304018   0.0009937180   1704709
751   0.0002303544   0.0004704900   1704606
752   0.0002305479   0.0004253457   1704496
753   0.0002302828   -0.0003919277   1704396
754   0.0002299517   0.0003332770   1704288
755   0.0002298722   -0.0002564291   1704175
756   0.0002297910   -0.0007922266   1704058
757   0.0002292027   0.0002840482   1703936
758   0.0002293370   0.0000716034   1703830
759   0.0002290768   0.0001326514   1703714
760   0.0002291565   -0.0002136651   1703601
761   0.0002291514   0.0010243646   1703495
762   0.0002291605   0.0009815605   1703410
763   0.0002292723   0.0003411000   1703313
764   0.0002294698   0.0002841681   1703217
765   0.0002295216   0.0007597861   1703111
766   0.0002298640   0.0002812677   1703004
767   0.0002299953   -0.0000986552   1702901
768   0.0002301542   0.0001215641   1702806
769   0.0002301838   0.0002402067   1702700
770   0.0002299328   0.0006231686   1702589
771   0.0002302183   0.0005268791   1702478
772   0.0002302529   0.0009874376   1702386
773   0.0002304271   0.0012730060   1702270
774   0.0002309657   0.0008653660   1702170
775   0.0002311016   -0.0002062206   1702061
776   0.0002311303   0.0000992980   1701947
777   0.0002308940   0.0006857272   1701843
778   0.0002308159   0.0002209506   1701738
779   0.0002300977   -0.0003390876   1701625
780   0.0002298920   -0.0004995513   1701527
781   0.0002300490   0.0009157030   1701425
782   0.0002302575   -0.0003150508   1701313
783   0.0002299749   -0.0007024453   1701200
784   0.0002298278   -0.0002075144   1701087
785   0.0002300384   0.0006131734   1700987
786   0.0002301063   0.0005755817   1700888
787   0.0002302425   0.0007814080   1700776
788   0.0002302021   -0.0001399437   1700684
789   0.0002303204   -0.0002011074   1700584
790   0.0002300288   0.0007433208   1700477
791   0.0002303705   0.0004022644   1700374
792   0.0002303194   0.0006710655   1700281
793   0.0002301588   0.0001723350   1700177
794   0.0002299242   0.0003429275   1700068
795   0.0002295280   0.0003782420   1699970
796   0.0002294436   0.0002235466   1699869
797   0.0002294059   0.0002017917   1699773
798   0.0002296251   0.0007825039   1699672
799   0.0002300231   0.0002600653   1699573
800   0.0002296219   -0.0000258904   1699472
801   0.0002297045   0.0000582568   1699372
802   0.0002296721   0.0005572975   1699272
803   0.0002298427   0.0003172139   1699169
804   0.0002302335   0.0008163347   1699058
805   0.0002305358   0.0006633486   1698956
806   0.0002304665   0.0006457290   1698855
807   0.0002305263   0.0006310493   1698758
808   0.0002301851   0.0000058870   1698655
809   0.0002300489   0.0004862971   1698550
810   0.0002298115   0.0005769974   1698448
811   0.0002296484   0.0005440620   1698336
812   0.0002293085   -0.0000653619   1698237
813   0.0002289927   -0.0001289655   1698129
814   0.0002287865   0.0007108187   1698042
815   0.0002287446   0.0001107230   1697931
816   0.0002286041   0.0006078358   1697827
817   0.0002283662   -0.0002556359   1697727
818   0.0002283208   0.0000977837   1697624
819   0.0002281494   0.0004341641   1697515
820   0.0002279359   0.0003953079   1697411
821   0.0002281381   0.0004784049   1697307
822   0.0002276725   -0.0004018395   1697195
823   0.0002273500   0.0004501824   1697090
824   0.0002274331   0.0006434908   1696994
825   0.0002275415   0.0013772343   1696879
826   0.0002276522   0.0006070382   1696763
827   0.0002277240   0.0007137544   1696662
828   0.0002276078   0.0001715236   1696560
829   0.0002271556   0.0002693853   1696455
830   0.0002268410   -0.0003254034   1696356
831   0.0002263933   0.0002310987   1696245
832   0.0002266944   0.0004981877   1696148
833   0.0002269104   -0.0004634314   1696044
834   0.0002264044   -0.0011315265   1695939
835   0.0002258926   -0.0003384755   1695839
836   0.0002256326   -0.0000507154   1695736
837   0.0002260474   -0.0002848506   1695626
838   0.0002252693   0.0006782604   1695514
839   0.0002249353   0.0004494499   1695406
840   0.0002250948   0.0008146060   1695298
841   0.0002257328   0.0013196215   1695183
842   0.0002257047   0.0008265082   1695083
843   0.0002257450   0.0007522173   1694989
844   0.0002261551   0.0010714541   1694893
845   0.0002259458   0.0000961771   1694791
846   0.0002257442   -0.0000159321   1694696
847   0.0002256612   0.0007122616   1694602
848   0.0002261391   0.0002348789   1694490
849   0.0002259838   0.0002407942   1694393
850   0.0002259991   0.0003293407   1694294
851   0.0002261430   0.0002065879   1694194
852   0.0002260322   -0.0001310437   1694091
853   0.0002260290   0.0007432184   1693984
854   0.0002258160   -0.0000796987   1693879
855   0.0002259249   0.0003005104   1693785
856   0.0002261284   0.0002190508   1693671
857   0.0002260644   0.0007008871   1693568
858   0.0002263845   -0.0001346358   1693458
859   0.0002264164   0.0001452738   1693354
860   0.0002262698   -0.0001063042   1693254
861   0.0002258019   0.0001145786   1693161
862   0.0002256146   0.0003484794   1693070
863   0.0002256224   0.0001340837   1692972
864   0.0002260761   0.0004530746   1692878
865   0.0002261098   0.0006084691   1692773
866   0.0002261934   0.0008383180   1692675
867   0.0002270830   0.0008850410   1692577
868   0.0002268420   0.0013016456   1692473
869   0.0002265748   0.0006588429   1692361
870   0.0002268795   0.0004697874   1692255
871   0.0002267018   0.0007641144   1692155
872   0.0002270640   0.0005431330   1692035
873   0.0002270533   0.0006200020   1691930
874   0.0002264448   0.0000585167   1691824
875   0.0002258351   -0.0001111291   1691726
876   0.0002261721   0.0008743072   1691625
877   0.0002263850   -0.0003606222   1691521
878   0.0002258547   0.0003168937   1691419
879   0.0002259463   0.0003795888   1691304
880   0.0002256656   -0.0000679993   1691194
881   0.0002254911   0.0003098599   1691087
882   0.0002255536   0.0001431133   1690968
883   0.0002249097   0.0005949586   1690874
884   0.0002247191   0.0009853505   1690769
885   0.0002243084   0.0001514211   1690649
886   0.0002243134   0.0003566912   1690538
887   0.0002244659   0.0006317930   1690427
888   0.0002246301   -0.0001100379   1690326
889   0.0002247769   0.0003289503   1690225
890   0.0002245896   0.0006762805   1690127
891   0.0002246502   0.0002514780   1690009
892   0.0002243545   -0.0005349419   1689903
893   0.0002240283   -0.0004041910   1689795
894   0.0002239427   0.0003006451   1689700
895   0.0002244993   0.0004326499   1689588
896   0.0002244941   0.0003728951   1689483
897   0.0002247724   0.0006783558   1689379
898   0.0002246522   0.0007908774   1689263
899   0.0002247323   0.0009578726   1689160
900   0.0002253187   0.0011728438   1689057
901   0.0002253888   0.0006649157   1688936
902   0.0002249944   0.0006981218   1688817
903   0.0002244599   0.0004251751   1688716
904   0.0002242893   0.0003126843   1688604
905   0.0002243061   0.0011240660   1688513
906   0.0002243753   0.0009896868   1688413
907   0.0002242765   0.0000775923   1688312
908   0.0002245203   0.0003749540   1688207
909   0.0002242027   0.0008026795   1688096
910   0.0002251496   0.0005231067   1687992
911   0.0002247808   0.0004816679   1687885
912   0.0002245463   -0.0006582545   1687797
913   0.0002246075   -0.0003027789   1687700
914   0.0002245358   -0.0001807296   1687604
915   0.0002244522   0.0002441470   1687508
916   0.0002247554   0.0003330560   1687404
917   0.0002249520   0.0002139509   1687303
918   0.0002244570   0.0001380989   1687197
919   0.0002246551   -0.0003017031   1687089
920   0.0002248018   0.0002637851   1686979
921   0.0002243881   0.0004831408   1686879
922   0.0002239876   0.0003308100   1686769
923   0.0002240795   0.0006474326   1686662
924   0.0002241271   0.0006053743   1686560
925   0.0002237924   0.0002780952   1686473
926   0.0002234821   0.0007163252   1686385
927   0.0002230566   -0.0002804991   1686280
928   0.0002230188   0.0002360363   1686181
929   0.0002231191   0.0003190839   1686077
930   0.0002238657   0.0007835201   1685981
931   0.0002246542   0.0005006240   1685896
932   0.0002246861   0.0008280935   1685800
933   0.0002248545   0.0008008576   1685693
934   0.0002250305   0.0005434283   1685595
935   0.0002256626   0.0007487441   1685489
936   0.0002257378   0.0007440410   1685391
937   0.0002258997   0.0011291818   1685291
938   0.0002255436   0.0007328585   1685182
939   0.0002251623   0.0010604831   1685081
940   0.0002254602   0.0006094974   1684995
941   0.0002256966   0.0011294560   1684882
942   0.0002256034   0.0004071739   1684784
943   0.0002253617   0.0000605457   1684679
944   0.0002247614   0.0009397040   1684573
945   0.0002247109   0.0010786737   1684476
946   0.0002244812   0.0002814102   1684374
947   0.0002243913   0.0002125546   1684273
948   0.0002239787   0.0007813910   1684176
949   0.0002244131   0.0011715623   1684076
950   0.0002244007   0.0015107157   1683970
951   0.0002249573   0.0012257544   1683861
952   0.0002254607   0.0012400869   1683753
953   0.0002253719   0.0007002664   1683645
954   0.0002257455   0.0000201954   1683549
955   0.0002258419   0.0007448967   1683455
956   0.0002259288   0.0004829638   1683356
957   0.0002264756   -0.0000588149   1683248
958   0.0002266479   0.0002186381   1683147
959   0.0002263574   0.0003184672   1683062
960   0.0002264519   0.0006458804   1682974
961   0.0002269442   0.0002085700   1682888
962   0.0002263377   0.0004296436   1682790
963   0.0002257265   0.0007660331   1682695
964   0.0002258072   0.0011298038   1682593
965   0.0002264898   0.0009153046   1682500
966   0.0002269322   0.0005236564   1682401
967   0.0002271015   0.0011757713   1682300
968   0.0002275026   0.0008268924   1682202
969   0.0002273134   0.0003459963   1682099
970   0.0002271333   0.0010368584   1682004
971   0.0002275467   0.0002378253   1681907
972   0.0002274738   0.0001867032   1681814
973   0.0002271384   0.0000065409   1681719
974   0.0002272401   0.0005982295   1681629
975   0.0002272915   -0.0000683901   1681530
976   0.0002273552   0.0000838575   1681424
977   0.0002272467   0.0010801024   1681322
978   0.0002272725   0.0002974017   1681228
979   0.0002272323   0.0004128186   1681126
980   0.0002277611   0.0000184412   1681018
981   0.0002272788   0.0003712255   1680919
982   0.0002274949   0.0006984690   1680819
983   0.0002276146   0.0010691853   1680719
984   0.0002276894   0.0016642628   1680624
985   0.0002283775   0.0007432241   1680516
986   0.0002281916   0.0011860151   1680417
987   0.0002282922   0.0007087961   1680314
988   0.0002282963   0.0003463836   1680218
989   0.0002283730   0.0009029133   1680117
990   0.0002285640   0.0001684513   1680011
991   0.0002283066   -0.0001238157   1679916
992   0.0002280251   0.0007792478   1679825
993   0.0002282049   -0.0005149631   1679732
994   0.0002282361   -0.0005388085   1679632
995   0.0002274214   0.0001690940   1679539
996   0.0002271589   -0.0001804184   1679430
997   0.0002267604   -0.0000720522   1679338
998   0.0002267537   -0.0001524516   1679222
999   0.0002265566   0.0002489401   1679119
1000   0.0002264751   0.0003412705   1679020
