0   0.0000000000   0.0937998301   3394036
1   0.0000288901   0.0706191949   3393794
2   0.0000419277   0.0492395713   3393612
3   0.0000466465   0.0384647460   3393419
4   0.0000495806   0.0321354485   3393231
5   0.0000518307   0.0275783083   3393029
6   0.0000535926   0.0243404043   3392836
7   0.0000551034   0.0213797285   3392653
8   0.0000564210   0.0190554487   3392468
9   0.0000574163   0.0169912071   3392284
10   0.0000581577   0.0152363202   3392092
11   0.0000587733   0.0134906888   3391895
12   0.0000593600   0.0128602138   3391701
13   0.0000600467   0.0119341770   3391520
14   0.0000604433   0.0108724081   3391337
15   0.0000610049   0.0098258471   3391158
16   0.0000615044   0.0090271839   3390980
17   0.0000617419   0.0081367493   3390789
18   0.0000621936   0.0075446913   3390596
19   0.0000624767   0.0078247381   3390401
20   0.0000628285   0.0071142960   3390216
21   0.0000633690   0.0067589392   3390029
22   0.0000637163   0.0064578288   3389839
23   0.0000641172   0.0062528764   3389640
24   0.0000643072   0.0062909893   3389451
25   0.0000646841   0.0055056363   3389254
26   0.0000647613   0.0055112383   3389075
27   0.0000650522   0.0056986345   3388882
28   0.0000653823   0.0050340987   3388690
29   0.0000655750   0.0044373656   3388497
30   0.0000655453   0.0040081976   3388306
31   0.0000656262   0.0036418556   3388108
32   0.0000655384   0.0040039411   3387912
33   0.0000656225   0.0039657847   3387728
34   0.0000658071   0.0034080839   3387534
35   0.0000657648   0.0035815619   3387349
36   0.0000657545   0.0036777036   3387168
37   0.0000659463   0.0038225839   3386976
38   0.0000660676   0.0028333689   3386781
39   0.0000661335   0.0029988850   3386592
40   0.0000660939   0.0029314359   3386395
41   0.0000662045   0.0027210410   3386204
42   0.0000663186   0.0025566912   3386017
43   0.0000662915   0.0024700007   3385829
44   0.0000663047   0.0020563387   3385629
45   0.0000662709   0.0019102403   3385438
46   0.0000662247   0.0016802319   3385247
47   0.0000662829   0.0024312744   3385056
48   0.0000663573   0.0019129248   3384869
49   0.0000664743   0.0028889037   3384675
50   0.0000666426   0.0027602402   3384488
51   0.0000667093   0.0022450722   3384301
52   0.0000667453   0.0020427835   3384108
53   0.0000667788   0.0016019972   3383901
54   0.0000666434   0.0009847165   3383715
55   0.0000664919   0.0017369470   3383523
56   0.0000662541   0.0019297596   3383323
57   0.0000663271   0.0016668002   3383129
58   0.0000663557   0.0020334390   3382939
59   0.0000662905   0.0015443057   3382750
60   0.0000661720   0.0012026359   3382570
61   0.0000659800   0.0016751538   3382376
62   0.0000658845   0.0009931438   3382189
63   0.0000657623   0.0008208178   3381993
64   0.0000655906   0.0012857036   3381806
65   0.0000655510   0.0010932607   3381627
66   0.0000656034   0.0013228053   3381450
67   0.0000655309   0.0010685353   3381264
68   0.0000654985   0.0011579130   3381083
69   0.0000655329   0.0008876332   3380901
70   0.0000654200   0.0009589673   3380720
71   0.0000654155   0.0010090140   3380528
72   0.0000653986   0.0014900824   3380350
73   0.0000653241   0.0008348685   3380173
74   0.0000654185   0.0013109541   3379981
75   0.0000656056   0.0011086484   3379791
76   0.0000656147   0.0008018724   3379590
77   0.0000654996   0.0005740664   3379400
78   0.0000654918   0.0008691357   3379219
79   0.0000654930   0.0015187827   3379022
80   0.0000655138   0.0010565744   3378844
81   0.0000654216   0.0006653506   3378670
82   0.0000653412   0.0007894083   3378480
83   0.0000654085   0.0006219110   3378297
84   0.0000651829   0.0002951355   3378109
85   0.0000650482   0.0009236434   3377927
86   0.0000652137   0.0006773774   3377733
87   0.0000652445   0.0011135300   3377547
88   0.0000650716   0.0007203862   3377355
89   0.0000650314   0.0014864534   3377166
90   0.0000650291   0.0014290871   3376981
91   0.0000650814   0.0006473592   3376796
92   0.0000651285   0.0007235067   3376610
93   0.0000651248   0.0008802196   3376430
94   0.0000649523   0.0010396156   3376248
95   0.0000647941   0.0001170000   3376067
96   0.0000646903   0.0006946331   3375883
97   0.0000647621   0.0001448591   3375693
98   0.0000646616   0.0005134048   3375504
99   0.0000646245   0.0003042670   3375325
100   0.0000646580   0.0005054613   3375135
101   0.0000647242   0.0001105201   3374951
102   0.0000645599   0.0001997170   3374775
103   0.0000645006   0.0000305222   3374588
104   0.0000643211   0.0002427100   3374398
105   0.0000642890   0.0002948836   3374213
106   0.0000642248   0.0002048000   3374023
107   0.0000640900   0.0005192907   3373833
108   0.0000640441   -0.0000566153   3373645
109   0.0000638981   0.0006927597   3373464
110   0.0000639358   0.0002831076   3373276
111   0.0000639157   0.0009611342   3373098
112   0.0000638700   0.0002306618   3372904
113   0.0000637158   0.0006579291   3372704
114   0.0000636162   0.0007682721   3372503
115   0.0000635749   0.0008320701   3372312
116   0.0000635427   0.0003330240   3372129
117   0.0000634403   0.0000204629   3371952
118   0.0000632316   -0.0000252095   3371751
119   0.0000632194   0.0001417741   3371561
120   0.0000632926   0.0005045431   3371367
121   0.0000632636   0.0001569184   3371178
122   0.0000631967   0.0001880752   3370992
123   0.0000631403   -0.0002459348   3370812
124   0.0000630171   0.0004358241   3370626
125   0.0000631622   0.0006574801   3370444
126   0.0000632686   0.0006581118   3370248
127   0.0000633066   0.0007085894   3370076
128   0.0000633550   0.0005558042   3369892
129   0.0000633610   0.0004472187   3369716
130   0.0000632565   0.0002777836   3369529
131   0.0000633484   0.0007511881   3369329
132   0.0000632812   0.0004461070   3369147
133   0.0000633362   0.0002110445   3368958
134   0.0000633367   0.0004648581   3368770
135   0.0000633631   -0.0003007201   3368581
136   0.0000631623   0.0006697550   3368396
137   0.0000632529   0.0004679043   3368210
138   0.0000633912   0.0008245196   3368022
139   0.0000635092   0.0003851124   3367848
140   0.0000635761   0.0003299025   3367662
141   0.0000637068   -0.0000317745   3367482
142   0.0000637178   0.0003058830   3367301
143   0.0000636929   0.0010644137   3367112
144   0.0000638897   0.0006252001   3366922
145   0.0000637866   0.0002631620   3366747
146   0.0000638127   0.0005982384   3366551
147   0.0000638546   0.0003855802   3366355
148   0.0000637887   0.0004289754   3366160
149   0.0000637430   0.0005843784   3365970
150   0.0000638086   0.0008746887   3365769
151   0.0000638480   0.0007012158   3365583
152   0.0000638174   0.0008495260   3365406
153   0.0000639336   0.0009093024   3365217
154   0.0000638568   0.0008124749   3365027
155   0.0000638665   0.0006680845   3364844
156   0.0000639054   0.0008241553   3364657
157   0.0000639114   0.0006592405   3364478
158   0.0000638542   0.0002226324   3364290
159   0.0000638462   0.0002627747   3364099
160   0.0000636563   0.0004432354   3363901
161   0.0000636074   -0.0001248621   3363711
162   0.0000637178   0.0004171230   3363516
163   0.0000637380   0.0009234854   3363345
164   0.0000637389   0.0006496856   3363165
165   0.0000637891   0.0003485010   3362975
166   0.0000636532   0.0002881533   3362793
167   0.0000635663   0.0006108349   3362611
168   0.0000636205   -0.0000633472   3362423
169   0.0000635585   -0.0000163582   3362237
170   0.0000636771   0.0000000000   3362051
171   0.0000636946   -0.0002022684   3361869
172   0.0000635798   -0.0001885954   3361693
173   0.0000635119   -0.0005396383   3361511
174   0.0000633568   -0.0001996232   3361332
175   0.0000632102   0.0000041652   3361149
176   0.0000631712   -0.0002002399   3360968
177   0.0000632196   -0.0000874797   3360781
178   0.0000632270   0.0002157360   3360589
179   0.0000633429   -0.0002547310   3360407
180   0.0000633348   0.0008612539   3360217
181   0.0000633911   0.0005383879   3360031
182   0.0000633802   0.0007911058   3359854
183   0.0000634381   -0.0001223334   3359671
184   0.0000632196   -0.0003610671   3359486
185   0.0000630284   0.0002851786   3359298
186   0.0000628605   0.0000687679   3359123
187   0.0000627005   0.0000506110   3358951
188   0.0000629448   0.0003173777   3358774
189   0.0000629765   0.0001726913   3358595
190   0.0000629958   -0.0006506057   3358409
191   0.0000629139   -0.0006592749   3358235
192   0.0000629026   -0.0005658041   3358053
193   0.0000628399   -0.0002465854   3357863
194   0.0000628205   0.0002206877   3357686
195   0.0000627505   -0.0000994789   3357495
196   0.0000625788   -0.0001623325   3357306
197   0.0000627144   -0.0005063852   3357128
198   0.0000626001   0.0000348531   3356949
199   0.0000625530   0.0007677039   3356763
200   0.0000626375   0.0003420150   3356578
201   0.0000625890   0.0002353717   3356394
202   0.0000625011   0.0003280476   3356220
203   0.0000624878   -0.0000786642   3356038
204   0.0000623895   -0.0002491165   3355860
205   0.0000623455   0.0006556058   3355675
206   0.0000623303   0.0001838778   3355490
207   0.0000621492   0.0006070989   3355302
208   0.0000622341   0.0002315874   3355105
209   0.0000622411   -0.0000766040   3354918
210   0.0000623798   0.0006575798   3354726
211   0.0000624248   0.0000068564   3354534
212   0.0000624816   0.0006057822   3354341
213   0.0000624829   0.0001284974   3354153
214   0.0000624498   -0.0007030495   3353960
215   0.0000624252   -0.0003238137   3353780
216   0.0000624039   -0.0001300100   3353588
217   0.0000624158   0.0002397562   3353406
218   0.0000625906   -0.0001249546   3353219
219   0.0000624365   0.0003444648   3353028
220   0.0000624276   0.0003400106   3352837
221   0.0000623193   0.0001974562   3352643
222   0.0000624307   0.0000125281   3352473
223   0.0000624309   0.0003030768   3352286
224   0.0000625492   0.0005274315   3352094
225   0.0000624549   0.0003344361   3351911
226   0.0000624483   0.0002013891   3351721
227   0.0000623973   0.0012806057   3351539
228   0.0000623595   0.0003884990   3351360
229   0.0000624466   0.0002255923   3351178
230   0.0000624111   0.0002545512   3350996
231   0.0000623753   -0.0000629698   3350811
232   0.0000623080   0.0003327740   3350622
233   0.0000621485   0.0000188035   3350436
234   0.0000622103   -0.0002089398   3350248
235   0.0000622006   -0.0001949221   3350057
236   0.0000622559   -0.0005504678   3349878
237   0.0000619469   -0.0005140771   3349692
238   0.0000619672   0.0000143305   3349494
239   0.0000621284   -0.0008195742   3349300
240   0.0000620813   0.0000755425   3349107
241   0.0000620081   -0.0004001288   3348922
242   0.0000618127   -0.0001555811   3348736
243   0.0000617008   -0.0003195407   3348556
244   0.0000615777   -0.0003159752   3348364
245   0.0000614729   -0.0005202819   3348185
246   0.0000613638   -0.0008381103   3348008
247   0.0000611991   -0.0006087538   3347823
248   0.0000612441   -0.0007387300   3347637
249   0.0000612394   -0.0001251700   3347447
250   0.0000611904   -0.0005691215   3347264
251   0.0000612011   -0.0006593809   3347079
252   0.0000610208   -0.0009041227   3346891
253   0.0000608468   -0.0007768838   3346704
254   0.0000607795   -0.0003947387   3346518
255   0.0000608032   -0.0002803057   3346346
256   0.0000607536   -0.0003161820   3346174
257   0.0000607364   -0.0001329952   3345985
258   0.0000606475   -0.0007800816   3345804
259   0.0000606002   -0.0012562731   3345610
260   0.0000605463   -0.0000248100   3345430
261   0.0000604585   -0.0001524549   3345251
262   0.0000604263   -0.0002908755   3345074
263   0.0000603142   0.0001115136   3344884
264   0.0000603116   -0.0003082484   3344705
265   0.0000602038   -0.0005259357   3344515
266   0.0000601312   -0.0002712052   3344331
267   0.0000599976   -0.0003376046   3344149
268   0.0000598609   -0.0002186033   3343957
269   0.0000597572   -0.0001952887   3343768
270   0.0000597515   -0.0008066209   3343578
271   0.0000596775   -0.0002491482   3343391
272   0.0000597810   -0.0002500589   3343213
273   0.0000598490   -0.0001597352   3343032
274   0.0000598585   -0.0005384638   3342843
275   0.0000597511   -0.0003389523   3342653
276   0.0000596373   -0.0001816021   3342473
277   0.0000597527   -0.0006977263   3342285
278   0.0000598606   -0.0003533701   3342105
279   0.0000597238   0.0000110715   3341921
280   0.0000597925   -0.0002163544   3341739
281   0.0000597426   -0.0005844572   3341562
282   0.0000595899   -0.0006853458   3341379
283   0.0000596091   -0.0004546268   3341202
284   0.0000596297   -0.0003804233   3341015
285   0.0000595664   -0.0002110258   3340824
286   0.0000595627   -0.0003295775   3340641
287   0.0000595198   0.0002433800   3340455
288   0.0000596639   -0.0001158594   3340256
289   0.0000597008   -0.0001470027   3340074
290   0.0000596759   0.0000514989   3339880
291   0.0000596332   -0.0002407400   3339703
292   0.0000597837   0.0003410684   3339506
293   0.0000597624   -0.0002536443   3339322
294   0.0000597264   -0.0004276563   3339130
295   0.0000596686   -0.0001389657   3338954
296   0.0000595634   -0.0000263571   3338764
297   0.0000594840   -0.0000119812   3338574
298   0.0000593952   0.0003759306   3338382
299   0.0000593947   -0.0000377450   3338194
300   0.0000593447   -0.0003469141   3338002
301   0.0000593921   -0.0006273590   3337802
302   0.0000594380   0.0002016412   3337611
303   0.0000595660   0.0001462205   3337426
304   0.0000597240   0.0002888608   3337248
305   0.0000597249   0.0002037722   3337059
306   0.0000597698   -0.0000506461   3336880
307   0.0000598707   0.0004324619   3336710
308   0.0000599372   0.0004930285   3336521
309   0.0000599481   0.0004900584   3336337
310   0.0000599678   0.0005023750   3336153
311   0.0000599485   0.0002541999   3335957
312   0.0000599324   -0.0000524617   3335769
313   0.0000600011   -0.0003642530   3335594
314   0.0000598784   -0.0008676597   3335409
315   0.0000599571   -0.0000485725   3335219
316   0.0000599531   0.0001568201   3335032
317   0.0000599640   -0.0001751203   3334851
318   0.0000599684   0.0000692724   3334663
319   0.0000600921   0.0004825330   3334487
320   0.0000600607   -0.0001460570   3334314
321   0.0000600058   -0.0001193716   3334127
322   0.0000600764   0.0005324026   3333943
323   0.0000600518   0.0003170589   3333765
324   0.0000602428   0.0004652658   3333578
325   0.0000603869   -0.0000395994   3333388
326   0.0000602883   -0.0004029153   3333207
327   0.0000602648   -0.0000993093   3333021
328   0.0000603058   0.0003423516   3332831
329   0.0000603169   -0.0002136439   3332648
330   0.0000601866   0.0000549144   3332459
331   0.0000601802   0.0005272687   3332267
332   0.0000601764   0.0004660754   3332079
333   0.0000601210   -0.0000582250   3331901
334   0.0000600383   -0.0005942859   3331730
335   0.0000598682   0.0000513275   3331545
336   0.0000599427   -0.0000807475   3331372
337   0.0000599929   -0.0000348225   3331183
338   0.0000601115   -0.0000480337   3330995
339   0.0000599535   -0.0001588196   3330823
340   0.0000600887   0.0000783635   3330632
341   0.0000601524   -0.0003062647   3330452
342   0.0000601250   -0.0006080601   3330263
343   0.0000601092   0.0003222144   3330081
344   0.0000601407   -0.0002129201   3329888
345   0.0000600406   -0.0005706228   3329695
346   0.0000599812   -0.0002516888   3329508
347   0.0000599938   -0.0003306983   3329319
348   0.0000599024   -0.0004926194   3329142
349   0.0000596898   -0.0001174538   3328968
350   0.0000596018   -0.0001766412   3328781
351   0.0000595779   -0.0000841197   3328589
352   0.0000596161   -0.0007036391   3328411
353   0.0000595787   -0.0002493832   3328212
354   0.0000595221   -0.0000628001   3328019
355   0.0000595582   -0.0007734752   3327838
356   0.0000596367   -0.0002821813   3327648
357   0.0000595891   -0.0004327638   3327450
358   0.0000596899   -0.0006912586   3327264
359   0.0000595755   -0.0004069633   3327081
360   0.0000593847   -0.0004310329   3326892
361   0.0000591310   -0.0001154298   3326696
362   0.0000591175   -0.0005741752   3326511
363   0.0000591219   -0.0007121980   3326322
364   0.0000590461   -0.0004182020   3326144
365   0.0000590414   -0.0003009655   3325963
366   0.0000589515   -0.0004254638   3325782
367   0.0000589598   0.0001428318   3325590
368   0.0000589564   -0.0001852403   3325411
369   0.0000589967   -0.0001392388   3325222
370   0.0000590260   -0.0003831533   3325040
371   0.0000591482   0.0002550482   3324862
372   0.0000591507   0.0000989568   3324683
373   0.0000591221   -0.0003838187   3324486
374   0.0000590878   -0.0003044247   3324303
375   0.0000590983   -0.0005069018   3324115
376   0.0000587906   -0.0005601820   3323920
377   0.0000586190   -0.0007623960   3323732
378   0.0000585998   -0.0005566349   3323543
379   0.0000585939   -0.0007200555   3323355
380   0.0000585054   0.0001345094   3323187
381   0.0000585563   0.0003250064   3323011
382   0.0000586193   0.0001203792   3322834
383   0.0000586699   -0.0005778515   3322653
384   0.0000586285   -0.0003428170   3322472
385   0.0000585796   0.0001369539   3322285
386   0.0000585284   -0.0004268379   3322104
387   0.0000584182   -0.0002597892   3321924
388   0.0000582934   -0.0003507190   3321748
389   0.0000582301   -0.0001418001   3321577
390   0.0000582881   -0.0002191856   3321386
391   0.0000582643   -0.0003492701   3321212
392   0.0000582073   -0.0006473893   3321031
393   0.0000579864   -0.0008088274   3320857
394   0.0000579614   0.0001689413   3320681
395   0.0000579594   0.0001123329   3320489
396   0.0000578525   0.0000045177   3320298
397   0.0000578868   -0.0002888455   3320114
398   0.0000579098   -0.0000882546   3319940
399   0.0000578848   -0.0004343695   3319754
400   0.0000578782   0.0000930844   3319569
401   0.0000579350   0.0000927884   3319382
402   0.0000579960   0.0001364785   3319203
403   0.0000579944   -0.0000448928   3319016
404   0.0000578228   -0.0002817250   3318839
405   0.0000576187   -0.0000650866   3318654
406   0.0000575715   -0.0002335413   3318471
407   0.0000574882   -0.0001994999   3318297
408   0.0000574773   -0.0002670178   3318131
409   0.0000575017   0.0003176656   3317954
410   0.0000576603   0.0004515070   3317778
411   0.0000576760   0.0007179900   3317595
412   0.0000575922   0.0005040078   3317409
413   0.0000574716   0.0000997822   3317226
414   0.0000574345   -0.0001070230   3317044
415   0.0000574589   0.0002466182   3316868
416   0.0000576397   0.0004305499   3316689
417   0.0000576458   -0.0005532928   3316508
418   0.0000574992   -0.0000594031   3316326
419   0.0000575371   -0.0001881705   3316141
420   0.0000572701   0.0000009047   3315957
421   0.0000572573   -0.0000898733   3315778
422   0.0000571118   0.0000386054   3315597
423   0.0000570426   -0.0000585147   3315405
424   0.0000569531   -0.0001351337   3315234
425   0.0000568131   0.0001061825   3315048
426   0.0000566748   0.0001870363   3314864
427   0.0000566220   0.0000618460   3314686
428   0.0000564857   0.0002157184   3314507
429   0.0000565849   0.0002501263   3314326
430   0.0000565650   0.0001164706   3314142
431   0.0000563697   0.0000479790   3313950
432   0.0000564125   0.0007230422   3313776
433   0.0000565705   0.0003853826   3313590
434   0.0000566298   0.0000962757   3313401
435   0.0000566314   0.0003087627   3313224
436   0.0000566606   -0.0000238451   3313043
437   0.0000567029   -0.0004500648   3312856
438   0.0000566082   0.0002750047   3312671
439   0.0000565429   -0.0000150943   3312500
440   0.0000564400   0.0001581973   3312319
441   0.0000564595   -0.0000549494   3312140
442   0.0000565271   -0.0002542314   3311944
443   0.0000564591   0.0003146370   3311753
444   0.0000564995   -0.0007301655   3311578
445   0.0000565605   -0.0007969429   3311404
446   0.0000563526   0.0000256702   3311228
447   0.0000563760   -0.0004569557   3311043
448   0.0000563152   -0.0001727651   3310854
449   0.0000562935   -0.0003757549   3310669
450   0.0000562733   -0.0005002287   3310486
451   0.0000561493   -0.0004718596   3310307
452   0.0000560813   0.0003295970   3310103
453   0.0000561436   0.0004616424   3309921
454   0.0000560011   0.0001386816   3309740
455   0.0000559516   0.0003683269   3309560
456   0.0000560538   0.0006478555   3309380
457   0.0000561623   0.0005010259   3309210
458   0.0000560428   0.0001779982   3309022
459   0.0000560235   0.0003690109   3308845
460   0.0000560695   0.0003478743   3308666
461   0.0000558795   -0.0001901176   3308478
462   0.0000557481   0.0004624736   3308297
463   0.0000557307   0.0000532026   3308110
464   0.0000556076   0.0001578029   3307925
465   0.0000555095   0.0005683653   3307732
466   0.0000556325   0.0004190417   3307547
467   0.0000556347   0.0000547262   3307372
468   0.0000555648   0.0003543790   3307194
469   0.0000553907   0.0002286056   3307006
470   0.0000553603   0.0000523161   3306823
471   0.0000553826   0.0002930467   3306640
472   0.0000554216   0.0000081659   3306445
473   0.0000552992   0.0000713797   3306260
474   0.0000554018   -0.0002450021   3306094
475   0.0000554434   0.0004839810   3305915
476   0.0000554236   0.0001237248   3305724
477   0.0000554534   0.0001201013   3305543
478   0.0000553937   0.0004604645   3305358
479   0.0000554848   0.0002160249   3305175
480   0.0000555620   0.0000868385   3304987
481   0.0000557102   -0.0001086293   3304816
482   0.0000556488   -0.0002932247   3304633
483   0.0000556831   0.0004418287   3304448
484   0.0000558742   0.0009248628   3304274
485   0.0000560014   -0.0004376403   3304083
486   0.0000558666   0.0004343347   3303904
487   0.0000558587   0.0002324653   3303719
488   0.0000558569   -0.0000847578   3303532
489   0.0000558321   0.0000411703   3303356
490   0.0000558521   0.0003466354   3303183
491   0.0000559135   0.0004229492   3302997
492   0.0000560538   0.0002579619   3302813
493   0.0000560579   0.0002461676   3302628
494   0.0000561651   0.0004466400   3302436
495   0.0000561485   -0.0003222046   3302250
496   0.0000560569   -0.0001480883   3302085
497   0.0000560107   0.0003391986   3301900
498   0.0000560633   0.0003704130   3301720
499   0.0000561162   0.0004549398   3301536
500   0.0000560129   0.0003762103   3301345
501   0.0000560727   0.0002980766   3301165
502   0.0000560589   -0.0000802790   3300989
503   0.0000560162   -0.0005262361   3300800
504   0.0000560194   -0.0005847393   3300616
505   0.0000557739   -0.0003823731   3300441
506   0.0000557795   -0.0003454271   3300262
507   0.0000559410   0.0002657519   3300071
508   0.0000559017   0.0003706188   3299887
509   0.0000557947   -0.0000227292   3299717
510   0.0000559352   0.0003858116   3299538
511   0.0000560407   0.0004540258   3299372
512   0.0000561610   0.0007447278   3299192
513   0.0000561304   0.0006841405   3299030
514   0.0000561521   0.0002352339   3298844
515   0.0000561913   0.0004783784   3298644
516   0.0000561563   0.0000306204   3298457
517   0.0000561539   0.0000439624   3298272
518   0.0000560749   -0.0001294687   3298094
519   0.0000561795   0.0005555011   3297923
520   0.0000561945   0.0004424219   3297757
521   0.0000562387   0.0001980241   3297578
522   0.0000562741   0.0008009365   3297390
523   0.0000564249   0.0003351324   3297204
524   0.0000564507   0.0003166490   3297026
525   0.0000564224   0.0001243613   3296846
526   0.0000563958   -0.0000752275   3296667
527   0.0000562379   0.0004340980   3296491
528   0.0000562676   -0.0000582471   3296303
529   0.0000562470   0.0001765713   3296119
530   0.0000563435   -0.0003713665   3295935
531   0.0000561012   -0.0003119162   3295757
532   0.0000560555   -0.0001110577   3295584
533   0.0000561421   0.0003529167   3295395
534   0.0000562196   0.0006509468   3295200
535   0.0000564345   0.0002609995   3295026
536   0.0000564823   0.0002695122   3294841
537   0.0000563889   -0.0002334081   3294659
538   0.0000561398   -0.0003824583   3294477
539   0.0000560120   0.0003129656   3294292
540   0.0000559084   -0.0001508755   3294106
541   0.0000559537   0.0000607180   3293915
542   0.0000559914   0.0001226571   3293735
543   0.0000562396   0.0004891368   3293557
544   0.0000563671   0.0005890619   3293372
545   0.0000565047   0.0002802747   3293198
546   0.0000564558   -0.0001226837   3293022
547   0.0000565169   -0.0000376574   3292842
548   0.0000566083   0.0004986874   3292644
549   0.0000564947   0.0001102513   3292477
550   0.0000565350   0.0005142308   3292296
551   0.0000566984   -0.0005033251   3292107
552   0.0000567098   0.0004350041   3291923
553   0.0000567067   0.0003557390   3291739
554   0.0000566872   0.0010760865   3291557
555   0.0000567202   0.0005869894   3291371
556   0.0000568385   0.0002303115   3291195
557   0.0000569676   0.0000109389   3291006
558   0.0000568267   0.0001318817   3290829
559   0.0000568906   -0.0002610442   3290631
560   0.0000567804   -0.0004482675   3290446
561   0.0000567637   -0.0005191078   3290261
562   0.0000566933   0.0001115476   3290074
563   0.0000567996   -0.0006015404   3289887
564   0.0000567281   -0.0002726687   3289707
565   0.0000565865   -0.0002498844   3289521
566   0.0000566131   -0.0000544183   3289337
567   0.0000566572   -0.0005147226   3289150
568   0.0000566105   -0.0002477986   3288961
569   0.0000566631   -0.0001675399   3288769
570   0.0000566129   -0.0003439166   3288588
571   0.0000566230   0.0002901103   3288404
572   0.0000567010   0.0000033453   3288225
573   0.0000566434   -0.0004902614   3288042
574   0.0000566675   -0.0000681295   3287854
575   0.0000567651   0.0001201461   3287664
576   0.0000568152   -0.0002615990   3287474
577   0.0000566954   -0.0005350909   3287292
578   0.0000565120   -0.0001731011   3287097
579   0.0000564821   0.0001156107   3286894
580   0.0000563647   0.0001101408   3286703
581   0.0000562200   -0.0000298189   3286509
582   0.0000561755   -0.0003523703   3286316
583   0.0000561443   0.0000036517   3286113
584   0.0000560872   -0.0003633674   3285930
585   0.0000560372   -0.0001503466   3285741
586   0.0000561399   0.0002237069   3285549
587   0.0000562206   -0.0001917608   3285343
588   0.0000561115   -0.0003369713   3285146
589   0.0000559476   0.0002733671   3284960
590   0.0000559515   0.0001942305   3284757
591   0.0000558501   -0.0002590905   3284566
592   0.0000559471   -0.0001912082   3284378
593   0.0000559214   -0.0006290750   3284187
594   0.0000558985   -0.0002971997   3283987
595   0.0000558042   -0.0000529876   3283790
596   0.0000558143   -0.0001614082   3283601
597   0.0000557487   -0.0001787774   3283413
598   0.0000556984   -0.0001797015   3283223
599   0.0000557946   -0.0002512922   3283031
600   0.0000556838   -0.0002793312   3282841
601   0.0000555672   0.0002077585   3282658
602   0.0000556964   -0.0001331309   3282483
603   0.0000557757   -0.0003086232   3282320
604   0.0000557074   -0.0003193032   3282147
605   0.0000556993   -0.0002007939   3281972
606   0.0000558204   -0.0000908041   3281789
607   0.0000557827   0.0000953799   3281613
608   0.0000557425   0.0001855898   3281431
609   0.0000555988   0.0001161137   3281267
610   0.0000556636   0.0002432115   3281095
611   0.0000557144   -0.0003227754   3280919
612   0.0000556981   -0.0002191576   3280744
613   0.0000557894   0.0001069937   3280568
614   0.0000559293   -0.0002642977   3280392
615   0.0000558974   -0.0005075893   3280211
616   0.0000559699   0.0005277373   3280041
617   0.0000560577   -0.0004875192   3279871
618   0.0000559954   0.0000286613   3279686
619   0.0000559088   -0.0003619448   3279506
620   0.0000558313   -0.0000378126   3279328
621   0.0000558001   -0.0001872439   3279145
622   0.0000558828   0.0002140919   3278965
623   0.0000559592   0.0001564603   3278788
624   0.0000559928   -0.0006710148   3278616
625   0.0000558659   -0.0002470691   3278435
626   0.0000558899   0.0000372149   3278257
627   0.0000559682   0.0001122614   3278064
628   0.0000559961   -0.0005256429   3277891
629   0.0000559520   -0.0003532939   3277724
630   0.0000559284   -0.0003514826   3277545
631   0.0000559644   0.0001061831   3277357
632   0.0000562046   0.0004686945   3277188
633   0.0000563459   -0.0001107720   3277002
634   0.0000564383   0.0001498405   3276818
635   0.0000565812   0.0004712154   3276633
636   0.0000567187   0.0000915626   3276448
637   0.0000565387   -0.0001327731   3276267
638   0.0000566438   -0.0001895553   3276088
639   0.0000567510   -0.0000164840   3275907
640   0.0000567762   0.0005247687   3275729
641   0.0000570146   0.0003175047   3275542
642   0.0000571389   0.0003630130   3275365
643   0.0000572081   0.0000274794   3275178
644   0.0000573374   0.0002094658   3274998
645   0.0000572809   0.0003276513   3274823
646   0.0000572148   0.0000595486   3274637
647   0.0000570836   -0.0000467254   3274450
648   0.0000568691   -0.0003048018   3274259
649   0.0000567439   0.0004340153   3274078
650   0.0000566661   0.0002012892   3273897
651   0.0000566228   -0.0002706410   3273709
652   0.0000565811   -0.0003693264   3273527
653   0.0000565041   -0.0001298362   3273354
654   0.0000563717   0.0000782113   3273183
655   0.0000563099   0.0003528884   3272989
656   0.0000564706   -0.0004662666   3272806
657   0.0000563665   -0.0000403346   3272628
658   0.0000564215   -0.0000870910   3272439
659   0.0000563948   0.0003059065   3272242
660   0.0000562366   0.0006527988   3272065
661   0.0000561603   0.0005602287   3271878
662   0.0000560984   0.0002961767   3271696
663   0.0000561730   -0.0003808632   3271516
664   0.0000563030   -0.0000327084   3271331
665   0.0000562956   -0.0001522395   3271161
666   0.0000561425   -0.0000220117   3270981
667   0.0000562426   -0.0000051975   3270804
668   0.0000561255   0.0005026561   3270626
669   0.0000562808   0.0001904935   3270452
670   0.0000562998   0.0003938491   3270288
671   0.0000563184   -0.0000807310   3270118
672   0.0000563753   -0.0001681991   3269934
673   0.0000562729   0.0000278307   3269767
674   0.0000562462   0.0002293865   3269591
675   0.0000562727   0.0000874775   3269414
676   0.0000562789   0.0002811054   3269236
677   0.0000562556   0.0000229423   3269070
678   0.0000562107   0.0003016309   3268896
679   0.0000562765   -0.0001462346   3268721
680   0.0000561963   -0.0003337858   3268563
681   0.0000561781   -0.0001223839   3268405
682   0.0000560714   -0.0001857272   3268234
683   0.0000559205   0.0005819958   3268065
684   0.0000560770   -0.0001930910   3267890
685   0.0000559873   0.0004712768   3267719
686   0.0000559053   -0.0000443758   3267549
687   0.0000558788   -0.0000884499   3267386
688   0.0000558832   0.0006831508   3267214
689   0.0000559030   0.0005390197   3267042
690   0.0000559387   -0.0000740769   3266875
691   0.0000559306   -0.0000143876   3266701
692   0.0000558107   0.0000578595   3266536
693   0.0000558107   -0.0001285835   3266359
694   0.0000557190   0.0002054384   3266186
695   0.0000557572   -0.0001160439   3266005
696   0.0000558384   0.0001166629   3265819
697   0.0000557587   0.0002523241   3265641
698   0.0000558523   0.0000777837   3265467
699   0.0000558021   0.0004177257   3265301
700   0.0000556508   -0.0003540439   3265132
701   0.0000555121   0.0002367566   3264956
702   0.0000554372   -0.0002254360   3264784
703   0.0000555172   -0.0004242477   3264602
704   0.0000556048   0.0004533712   3264433
705   0.0000555443   0.0002600897   3264259
706   0.0000556187   0.0004534200   3264082
707   0.0000555422   0.0001127484   3263903
708   0.0000554118   -0.0000517814   3263719
709   0.0000554330   -0.0001394193   3263536
710   0.0000552819   -0.0004483119   3263353
711   0.0000552635   -0.0004320938   3263180
712   0.0000550955   -0.0002632536   3263013
713   0.0000551511   -0.0004523662   3262843
714   0.0000551654   0.0000839805   3262662
715   0.0000552412   -0.0001728748   3262477
716   0.0000552195   -0.0005480796   3262300
717   0.0000551507   -0.0002575009   3262125
718   0.0000551539   -0.0003123904   3261944
719   0.0000550596   0.0002750034   3261778
720   0.0000549743   -0.0000659186   3261597
721   0.0000548337   -0.0002088047   3261421
722   0.0000549694   0.0005574563   3261242
723   0.0000551798   0.0001459644   3261069
724   0.0000552962   0.0006384758   3260891
725   0.0000554850   0.0008789497   3260710
726   0.0000555163   0.0002889096   3260535
727   0.0000554158   0.0001818812   3260370
728   0.0000553298   -0.0001104228   3260195
729   0.0000553218   -0.0001825139   3260025
730   0.0000552079   -0.0002699520   3259839
731   0.0000552143   -0.0002012472   3259673
732   0.0000552417   -0.0001159690   3259493
733   0.0000551109   0.0001883832   3259314
734   0.0000551943   0.0003915144   3259139
735   0.0000553080   0.0000932812   3258964
736   0.0000553551   0.0002556156   3258799
737   0.0000552969   0.0001608036   3258633
738   0.0000552204   0.0002043910   3258461
739   0.0000552786   0.0004557598   3258295
740   0.0000552633   0.0005404974   3258110
741   0.0000552392   -0.0000049111   3257927
742   0.0000553551   0.0006418511   3257765
743   0.0000555162   0.0003904736   3257583
744   0.0000554636   0.0002950196   3257411
745   0.0000554233   0.0000571036   3257236
746   0.0000555882   -0.0000914936   3257057
747   0.0000556446   -0.0001415462   3256888
748   0.0000555290   -0.0004369430   3256718
749   0.0000553277   0.0003884497   3256535
750   0.0000553398   -0.0002303180   3256367
751   0.0000555052   0.0000454520   3256179
752   0.0000554114   0.0003092755   3255997
753   0.0000554815   -0.0000184285   3255819
754   0.0000552893   -0.0000436166   3255642
755   0.0000552359   0.0001185696   3255473
756   0.0000553028   0.0000172027   3255295
757   0.0000553570   -0.0000055297   3255124
758   0.0000550774   0.0000135178   3254963
759   0.0000549954   0.0002559309   3254785
760   0.0000549292   -0.0000596077   3254611
761   0.0000551159   0.0003721077   3254434
762   0.0000552146   -0.0000479372   3254259
763   0.0000553601   0.0002547573   3254077
764   0.0000553982   0.0003979832   3253906
765   0.0000553110   0.0003654268   3253730
766   0.0000553630   0.0006199361   3253561
767   0.0000553356   0.0003362666   3253371
768   0.0000553154   0.0000706997   3253196
769   0.0000552664   0.0003430658   3253020
770   0.0000550858   -0.0001540192   3252842
771   0.0000551448   -0.0000870054   3252672
772   0.0000550626   0.0003560348   3252491
773   0.0000552097   0.0005211663   3252321
774   0.0000554400   0.0004975179   3252144
775   0.0000555804   0.0003714679   3251963
776   0.0000555654   0.0003352010   3251780
777   0.0000555071   -0.0002318863   3251594
778   0.0000555701   -0.0000079965   3251410
779   0.0000555655   0.0005813163   3251242
780   0.0000555780   -0.0002020876   3251065
781   0.0000554315   0.0001264269   3250891
782   0.0000554556   -0.0004408257   3250718
783   0.0000554580   -0.0001522822   3250543
784   0.0000553165   -0.0001095263   3250362
785   0.0000552812   -0.0002258330   3250190
786   0.0000553433   -0.0001298453   3250022
787   0.0000552648   -0.0006923433   3249833
788   0.0000551671   -0.0002431015   3249672
789   0.0000551660   -0.0003662107   3249495
790   0.0000551859   -0.0000433936   3249330
791   0.0000551132   -0.0001228007   3249167
792   0.0000551489   -0.0003798096   3248996
793   0.0000552361   0.0003939887   3248824
794   0.0000551399   0.0002006988   3248649
795   0.0000551762   0.0002539658   3248469
796   0.0000551396   -0.0002746049   3248303
797   0.0000552575   -0.0011634394   3248128
798   0.0000549980   -0.0005726686   3247952
799   0.0000548263   0.0002417046   3247766
800   0.0000547695   -0.0005317781   3247595
801   0.0000548230   -0.0008800803   3247431
802   0.0000547885   -0.0000070829   3247261
803   0.0000548530   0.0002254337   3247074
804   0.0000547635   -0.0000437342   3246890
805   0.0000547598   0.0001099573   3246714
806   0.0000547778   0.0000902500   3246537
807   0.0000547064   0.0000144777   3246368
808   0.0000546317   -0.0001869880   3246197
809   0.0000548042   0.0002550815   3246022
810   0.0000549391   0.0001592800   3245857
811   0.0000547421   0.0001121491   3245679
812   0.0000548014   0.0000745647   3245503
813   0.0000548719   0.0001888869   3245329
814   0.0000550130   0.0002514524   3245147
815   0.0000550342   0.0002514651   3244983
816   0.0000550907   -0.0001072483   3244807
817   0.0000550295   0.0002040289   3244638
818   0.0000549909   0.0002428757   3244458
819   0.0000550320   0.0000887717   3244279
820   0.0000548166   0.0002182415   3244113
821   0.0000547069   0.0000514807   3243933
822   0.0000548229   -0.0001788051   3243755
823   0.0000547380   -0.0003190923   3243576
824   0.0000545952   -0.0005916614   3243409
825   0.0000544504   -0.0005343435   3243232
826   0.0000543753   -0.0002032040   3243046
827   0.0000544307   -0.0000206607   3242874
828   0.0000544142   -0.0002608932   3242706
829   0.0000544045   -0.0001742471   3242521
830   0.0000544443   -0.0003892237   3242351
831   0.0000544729   -0.0001653212   3242174
832   0.0000545513   0.0000299199   3241993
833   0.0000545935   -0.0004802870   3241812
834   0.0000543726   -0.0005518808   3241642
835   0.0000543088   0.0000271482   3241463
836   0.0000544379   -0.0004877683   3241293
837   0.0000545167   0.0002360301   3241112
838   0.0000545556   -0.0000271527   3240935
839   0.0000545977   0.0005831973   3240756
840   0.0000545651   -0.0003027243   3240572
841   0.0000546443   -0.0001419580   3240394
842   0.0000548119   0.0000108017   3240230
843   0.0000548733   0.0000419745   3240060
844   0.0000549916   -0.0000129634   3239881
845   0.0000551987   -0.0005299864   3239706
846   0.0000551042   -0.0003661028   3239527
847   0.0000550057   0.0002377024   3239345
848   0.0000551829   0.0005726779   3239168
849   0.0000552784   0.0001346095   3238998
850   0.0000554036   0.0004013798   3238828
851   0.0000555491   0.0005523913   3238646
852   0.0000555153   -0.0002016383   3238472
853   0.0000555305   0.0002285151   3238298
854   0.0000555964   0.0000914110   3238124
855   0.0000557264   0.0002378046   3237953
856   0.0000558966   0.0004543238   3237779
857   0.0000557913   0.0005479345   3237613
858   0.0000558699   0.0003830199   3237430
859   0.0000558660   0.0004917735   3237263
860   0.0000558194   0.0002032688   3237093
861   0.0000559051   -0.0001850519   3236930
862   0.0000557985   0.0002789822   3236766
863   0.0000560345   -0.0002740537   3236592
864   0.0000560530   0.0004183632   3236422
865   0.0000561118   0.0002419451   3236271
866   0.0000561281   0.0000587127   3236097
867   0.0000560842   -0.0000797296   3235937
868   0.0000561362   0.0007512913   3235762
869   0.0000561630   0.0002651762   3235585
870   0.0000561176   0.0000135995   3235409
871   0.0000561807   0.0002995153   3235227
872   0.0000560329   0.0001378649   3235051
873   0.0000559819   0.0001440548   3234880
874   0.0000560529   0.0007447363   3234702
875   0.0000560894   0.0006764507   3234530
876   0.0000561891   0.0005627121   3234336
877   0.0000562396   0.0004461765   3234146
878   0.0000563999   0.0002928298   3233961
879   0.0000565346   0.0004418977   3233780
880   0.0000564770   0.0001719447   3233597
881   0.0000564791   -0.0002421584   3233421
882   0.0000566032   0.0003448555   3233238
883   0.0000567025   0.0005548909   3233068
884   0.0000568060   0.0002288976   3232887
885   0.0000568550   -0.0001710637   3232714
886   0.0000568326   -0.0000272233   3232526
887   0.0000567900   0.0000454779   3232340
888   0.0000569561   0.0005194649   3232172
889   0.0000569436   0.0002778475   3231989
890   0.0000570116   0.0001101551   3231806
891   0.0000567881   0.0004087736   3231618
892   0.0000569168   0.0003629969   3231433
893   0.0000570060   0.0002085884   3231244
894   0.0000569805   0.0001077050   3231049
895   0.0000571312   0.0002352314   3230861
896   0.0000572561   -0.0003110802   3230678
897   0.0000570276   -0.0004178929   3230493
898   0.0000569162   -0.0001442589   3230303
899   0.0000567848   0.0001492203   3230123
900   0.0000567740   -0.0001222929   3229950
901   0.0000567628   0.0000743088   3229765
902   0.0000568345   0.0005081148   3229585
903   0.0000568711   0.0004397074   3229420
904   0.0000570058   -0.0003818230   3229245
905   0.0000567795   0.0001706377   3229064
906   0.0000568565   -0.0001173772   3228906
907   0.0000568453   -0.0006392620   3228723
908   0.0000566265   -0.0001914173   3228548
909   0.0000565438   -0.0007105746   3228373
910   0.0000563969   0.0002413115   3228192
911   0.0000563655   0.0006898966   3228020
912   0.0000564060   0.0001412708   3227843
913   0.0000564096   0.0002398012   3227674
914   0.0000565391   0.0005093729   3227498
915   0.0000566291   0.0001676313   3227320
916   0.0000565567   0.0000895528   3227145
917   0.0000566588   0.0002757998   3226978
918   0.0000565706   -0.0002203421   3226800
919   0.0000566576   0.0002637432   3226624
920   0.0000566809   0.0002377226   3226450
921   0.0000566850   0.0004640032   3226271
922   0.0000568572   0.0001261585   3226100
923   0.0000568908   -0.0001695636   3225929
924   0.0000569630   0.0002036730   3225759
925   0.0000568499   -0.0001801223   3225586
926   0.0000567450   -0.0000632478   3225410
927   0.0000567044   0.0004015206   3225239
928   0.0000568746   0.0000031007   3225068
929   0.0000568019   0.0005566062   3224901
930   0.0000569801   0.0004930635   3224737
931   0.0000570295   -0.0003153922   3224557
932   0.0000570900   0.0002505917   3224369
933   0.0000570984   -0.0002391291   3224200
934   0.0000571911   -0.0001358556   3224012
935   0.0000571031   -0.0002363646   3223833
936   0.0000571227   0.0004649996   3223659
937   0.0000572995   0.0001104395   3223484
938   0.0000572555   0.0002655655   3223310
939   0.0000571383   0.0006918713   3223143
940   0.0000572354   0.0000418869   3222966
941   0.0000572354   0.0006348562   3222777
942   0.0000573750   0.0003065839   3222609
943   0.0000574743   0.0006228202   3222439
944   0.0000575586   0.0002212726   3222270
945   0.0000575289   -0.0003224599   3222106
946   0.0000573236   -0.0003482399   3221917
947   0.0000572048   0.0000434545   3221757
948   0.0000571295   0.0001533409   3221581
949   0.0000571902   0.0006003592   3221405
950   0.0000571673   -0.0000602255   3221225
951   0.0000571530   -0.0002406051   3221045
952   0.0000571666   -0.0000192494   3220876
953   0.0000572154   0.0005976963   3220699
954   0.0000573714   0.0002114563   3220524
955   0.0000572741   0.0004074094   3220348
956   0.0000573587   0.0005850634   3220164
957   0.0000573953   0.0000577642   3219989
958   0.0000574705   -0.0003559207   3219818
959   0.0000574985   0.0002838821   3219647
960   0.0000576092   0.0006476207   3219477
961   0.0000576367   0.0002960272   3219299
962   0.0000576818   0.0006200441   3219126
963   0.0000576467   0.0004330591   3218960
964   0.0000576362   0.0003144043   3218785
965   0.0000577294   0.0004290673   3218609
966   0.0000579266   0.0004107600   3218424
967   0.0000579715   0.0003200504   3218243
968   0.0000581538   0.0005835800   3218068
969   0.0000583318   0.0001451255   3217904
970   0.0000582772   0.0000096341   3217727
971   0.0000582711   -0.0001799508   3217547
972   0.0000583731   0.0003829196   3217386
973   0.0000583781   -0.0001899159   3217213
974   0.0000584082   0.0001737615   3217053
975   0.0000583993   -0.0001128422   3216881
976   0.0000584885   0.0001035222   3216702
977   0.0000584816   -0.0000040416   3216515
978   0.0000586190   0.0006156058   3216344
979   0.0000587564   0.0005478561   3216173
980   0.0000586310   0.0000366915   3216007
981   0.0000585470   0.0001865766   3215837
982   0.0000584477   0.0000500672   3215681
983   0.0000583164   -0.0001648262   3215509
984   0.0000581381   0.0008456358   3215332
985   0.0000582042   -0.0003125816   3215160
986   0.0000582117   0.0002662529   3214988
987   0.0000584058   0.0000864748   3214808
988   0.0000584727   -0.0001978454   3214632
989   0.0000583451   -0.0004986839   3214461
990   0.0000581376   -0.0004075554   3214287
991   0.0000581778   -0.0001356521   3214105
992   0.0000582138   0.0002980772   3213933
993   0.0000583985   -0.0000731231   3213760
994   0.0000585024   0.0003086898   3213582
995   0.0000585472   0.0000171158   3213406
996   0.0000585815   -0.0002147367   3213237
997   0.0000585776   0.0001484557   3213080
998   0.0000584753   0.0004659351   3212894
999   0.0000585021   0.0003604425   3212718
1000   0.0000585159   0.0002060675   3212539
