0   0.0000000000   0.1326229827   1854671
1   0.0000522201   0.0372213307   1854528
2   0.0000545490   0.0082516856   1854409
3   0.0000518047   0.0069061362   1854293
4   0.0000511320   0.0092354141   1854167
5   0.0000523626   0.0098918904   1854044
6   0.0000538168   0.0112022396   1853915
7   0.0000553295   0.0099461211   1853788
8   0.0000568544   0.0086191224   1853669
9   0.0000581759   0.0084869895   1853543
10   0.0000593696   0.0082048543   1853415
11   0.0000601272   0.0064107718   1853287
12   0.0000606129   0.0055958229   1853168
13   0.0000608818   0.0067224596   1853042
14   0.0000611523   0.0048890690   1852909
15   0.0000614708   0.0052224394   1852774
16   0.0000618910   0.0044833198   1852645
17   0.0000620588   0.0041046680   1852525
18   0.0000623230   0.0041243658   1852406
19   0.0000623842   0.0037996538   1852274
20   0.0000625461   0.0038388193   1852132
21   0.0000627605   0.0041031583   1851988
22   0.0000631479   0.0036109407   1851872
23   0.0000632484   0.0027033931   1851747
24   0.0000632896   0.0021122033   1851621
25   0.0000631631   0.0017202287   1851498
26   0.0000632124   0.0026229097   1851379
27   0.0000632471   0.0021525926   1851256
28   0.0000634992   0.0019582686   1851125
29   0.0000635175   0.0019216692   1850995
30   0.0000634803   0.0023389127   1850860
31   0.0000634883   0.0010368904   1850726
32   0.0000631640   0.0013606339   1850608
33   0.0000634915   0.0013245205   1850481
34   0.0000635544   0.0005701624   1850350
35   0.0000634690   0.0002534846   1850211
36   0.0000634972   0.0003724145   1850089
37   0.0000635314   0.0007692042   1849964
38   0.0000634717   0.0004216572   1849844
39   0.0000635490   0.0013969644   1849725
40   0.0000638527   0.0011959446   1849584
41   0.0000640311   0.0002535878   1849458
42   0.0000639533   -0.0002822633   1849337
43   0.0000637640   0.0008338610   1849229
44   0.0000638732   0.0009372066   1849112
45   0.0000639414   0.0008382982   1848984
46   0.0000638599   0.0013083837   1848846
47   0.0000637497   0.0014031330   1848720
48   0.0000636861   0.0007513843   1848588
49   0.0000638495   0.0017744424   1848468
50   0.0000642017   0.0008104596   1848334
51   0.0000642669   0.0007607418   1848196
52   0.0000641987   -0.0001915521   1848061
53   0.0000640133   0.0001406978   1847932
54   0.0000641215   0.0001802148   1847795
55   0.0000640316   0.0002332690   1847652
56   0.0000639657   -0.0004232692   1847524
57   0.0000639326   0.0000129913   1847391
58   0.0000637930   -0.0000535930   1847256
59   0.0000637442   -0.0004331078   1847115
60   0.0000634384   -0.0004883656   1846977
61   0.0000632633   -0.0005425489   1846838
62   0.0000629762   -0.0009996052   1846729
63   0.0000623415   0.0000606520   1846599
64   0.0000623396   -0.0017964114   1846459
65   0.0000617888   -0.0002848901   1846326
66   0.0000614065   -0.0003098266   1846194
67   0.0000610584   -0.0005871956   1846063
68   0.0000608885   -0.0008461869   1845928
69   0.0000605252   -0.0006891295   1845807
70   0.0000603409   -0.0011069085   1845681
71   0.0000600637   -0.0006724243   1845561
72   0.0000599102   -0.0012278841   1845451
73   0.0000594726   -0.0005305276   1845333
74   0.0000594354   -0.0008009976   1845199
75   0.0000594476   0.0000270993   1845063
76   0.0000595229   0.0005360608   1844940
77   0.0000597969   -0.0008353146   1844814
78   0.0000595355   -0.0005345072   1844690
79   0.0000597128   -0.0010024136   1844548
80   0.0000596209   -0.0002765094   1844422
81   0.0000594988   -0.0010437576   1844298
82   0.0000592493   -0.0007233603   1844171
83   0.0000592408   -0.0017868269   1844051
84   0.0000587766   -0.0012044991   1843920
85   0.0000584805   -0.0013493901   1843796
86   0.0000583657   -0.0016147159   1843668
87   0.0000581501   -0.0004339484   1843537
88   0.0000579473   -0.0017814898   1843401
89   0.0000577523   -0.0006955069   1843260
90   0.0000579655   -0.0009483841   1843135
91   0.0000582689   -0.0001812253   1843010
92   0.0000582758   0.0003223214   1842881
93   0.0000581302   -0.0013837916   1842763
94   0.0000578892   -0.0009155313   1842646
95   0.0000577585   -0.0008759728   1842523
96   0.0000575899   -0.0004928333   1842408
97   0.0000576202   -0.0001433008   1842278
98   0.0000574290   -0.0002198513   1842154
99   0.0000569786   0.0001140045   1842033
100   0.0000570913   -0.0011281786   1841907
101   0.0000568950   0.0000228040   1841780
102   0.0000570130   0.0002400026   1841647
103   0.0000569059   -0.0006136229   1841522
104   0.0000566555   -0.0007863620   1841391
105   0.0000565124   -0.0023125481   1841259
106   0.0000562558   -0.0019390308   1841126
107   0.0000557196   -0.0011939202   1840994
108   0.0000555196   -0.0006572997   1840865
109   0.0000557232   -0.0025277987   1840732
110   0.0000555416   -0.0010469412   1840600
111   0.0000556239   -0.0016908825   1840459
112   0.0000552890   -0.0011557741   1840325
113   0.0000548116   -0.0007004711   1840190
114   0.0000548493   -0.0009217006   1840077
115   0.0000547019   -0.0008891580   1839943
116   0.0000546232   -0.0004766825   1839799
117   0.0000544540   -0.0004408404   1839668
118   0.0000541870   -0.0000146777   1839527
119   0.0000541060   -0.0005637763   1839382
120   0.0000542984   -0.0006986627   1839228
121   0.0000544774   -0.0011456691   1839100
122   0.0000542186   -0.0013034414   1838978
123   0.0000541045   0.0005329418   1838850
124   0.0000542928   -0.0000919119   1838718
125   0.0000541380   -0.0015207297   1838591
126   0.0000539992   -0.0009785417   1838450
127   0.0000538892   -0.0007811416   1838335
128   0.0000541029   -0.0003421803   1838212
129   0.0000542014   -0.0018372362   1838087
130   0.0000541156   -0.0006752007   1837972
131   0.0000538241   -0.0011660351   1837852
132   0.0000536909   -0.0001273318   1837718
133   0.0000535939   0.0004669146   1837595
134   0.0000538434   0.0010606970   1837471
135   0.0000543522   0.0000772851   1837352
136   0.0000545254   0.0009095259   1837221
137   0.0000544747   -0.0006668136   1837095
138   0.0000542746   0.0003048478   1836982
139   0.0000544467   -0.0002400832   1836863
140   0.0000544519   -0.0006397186   1836745
141   0.0000546901   -0.0004976514   1836627
142   0.0000547509   0.0001012788   1836514
143   0.0000544618   -0.0007487508   1836392
144   0.0000544636   -0.0010009465   1836262
145   0.0000540560   -0.0004346060   1836146
146   0.0000539025   0.0006241786   1836013
147   0.0000540618   -0.0004417514   1835874
148   0.0000541308   0.0002053661   1835746
149   0.0000543770   0.0011549263   1835615
150   0.0000547262   -0.0007207920   1835481
151   0.0000546696   -0.0005018108   1835353
152   0.0000544729   -0.0008325936   1835229
153   0.0000542101   -0.0015067274   1835103
154   0.0000539384   -0.0001542254   1834977
155   0.0000539382   -0.0006681738   1834852
156   0.0000540268   -0.0008170153   1834727
157   0.0000536752   -0.0003461241   1834602
158   0.0000535855   0.0002065999   1834464
159   0.0000539125   -0.0008428132   1834333
160   0.0000539073   -0.0014082326   1834214
161   0.0000537393   -0.0005970322   1834072
162   0.0000537527   -0.0001717610   1833944
163   0.0000536403   -0.0007345355   1833812
164   0.0000533710   -0.0001248844   1833696
165   0.0000534039   -0.0010514920   1833585
166   0.0000534193   -0.0002596191   1833455
167   0.0000534718   -0.0007570873   1833342
168   0.0000534312   0.0008204126   1833224
169   0.0000535404   -0.0003398616   1833099
170   0.0000535213   -0.0020033006   1832975
171   0.0000532892   -0.0013852841   1832837
172   0.0000532731   0.0005505520   1832706
173   0.0000533684   -0.0003977990   1832584
174   0.0000532839   -0.0012202130   1832467
175   0.0000529584   0.0001042382   1832341
176   0.0000529315   0.0007646474   1832217
177   0.0000531677   0.0016063639   1832088
178   0.0000537030   0.0009803782   1831946
179   0.0000540143   -0.0001097272   1831816
180   0.0000539999   0.0002216561   1831666
181   0.0000542911   -0.0006180628   1831529
182   0.0000540263   -0.0002364309   1831402
183   0.0000539178   -0.0011724072   1831275
184   0.0000534837   -0.0010900284   1831145
185   0.0000533184   -0.0003883115   1831004
186   0.0000531393   0.0001638555   1830882
187   0.0000532626   -0.0002649174   1830759
188   0.0000530412   -0.0000158414   1830642
189   0.0000530525   -0.0013487985   1830518
190   0.0000529619   -0.0008222278   1830393
191   0.0000531400   -0.0006070166   1830263
192   0.0000533155   -0.0008054103   1830123
193   0.0000534314   -0.0006475399   1830003
194   0.0000534227   -0.0001650394   1829866
195   0.0000536450   0.0002459367   1829739
196   0.0000538863   -0.0000486440   1829620
197   0.0000540350   0.0000912819   1829497
198   0.0000537809   0.0001240875   1829354
199   0.0000539498   -0.0001071490   1829229
200   0.0000537981   0.0003684854   1829109
201   0.0000539892   0.0008573028   1828992
202   0.0000538763   0.0001487264   1828862
203   0.0000538849   0.0006069789   1828729
204   0.0000540035   0.0006425681   1828600
205   0.0000539559   0.0005255763   1828469
206   0.0000541344   -0.0001979944   1828335
207   0.0000542809   -0.0003413158   1828219
208   0.0000540178   0.0002100538   1828103
209   0.0000541918   -0.0003703556   1827973
210   0.0000541694   -0.0007298248   1827836
211   0.0000542554   -0.0003589203   1827704
212   0.0000542680   -0.0006456597   1827588
213   0.0000543083   -0.0003803101   1827456
214   0.0000543077   -0.0007656000   1827325
215   0.0000539230   0.0000558232   1827196
216   0.0000539532   -0.0004438820   1827062
217   0.0000539063   -0.0001499779   1826936
218   0.0000540148   0.0008490270   1826797
219   0.0000541241   -0.0003021899   1826666
220   0.0000543380   -0.0008858274   1826541
221   0.0000544076   -0.0003547915   1826425
222   0.0000543311   -0.0007715099   1826289
223   0.0000542391   0.0003975551   1826162
224   0.0000544198   -0.0004709658   1826035
225   0.0000544471   -0.0008620350   1825912
226   0.0000545508   0.0007815859   1825775
227   0.0000548265   0.0007465867   1825642
228   0.0000548169   -0.0003489434   1825511
229   0.0000549000   0.0000054783   1825372
230   0.0000547426   -0.0005697878   1825241
231   0.0000544699   -0.0010377474   1825107
232   0.0000543540   -0.0009183698   1824973
233   0.0000541828   0.0004400359   1824851
234   0.0000542927   -0.0003984151   1824730
235   0.0000542434   -0.0002745812   1824597
236   0.0000543916   -0.0001814239   1824456
237   0.0000542345   -0.0003272474   1824308
238   0.0000543165   -0.0007428081   1824159
239   0.0000544825   0.0004824527   1824013
240   0.0000547922   0.0009386572   1823882
241   0.0000548766   0.0006810234   1823726
242   0.0000546701   -0.0007210968   1823611
243   0.0000544065   -0.0004206201   1823498
244   0.0000543730   0.0003564816   1823376
245   0.0000544915   -0.0000784313   1823252
246   0.0000545099   -0.0001864934   1823121
247   0.0000548107   0.0003647839   1822997
248   0.0000549856   -0.0004849525   1822859
249   0.0000545287   -0.0000822939   1822736
250   0.0000543766   0.0006534632   1822597
251   0.0000545043   -0.0006968542   1822476
252   0.0000541615   -0.0008461611   1822348
253   0.0000539850   0.0000674999   1822226
254   0.0000541175   0.0002458700   1822101
255   0.0000544642   -0.0000142702   1821978
256   0.0000545558   0.0004358217   1821846
257   0.0000547295   -0.0008876222   1821721
258   0.0000547752   0.0001125390   1821590
259   0.0000548919   -0.0007625763   1821457
260   0.0000548862   -0.0001784406   1821334
261   0.0000548171   -0.0003195655   1821223
262   0.0000548735   -0.0002487521   1821090
263   0.0000548944   0.0004816122   1820967
264   0.0000546657   0.0006535445   1820840
265   0.0000545405   0.0002120070   1820695
266   0.0000543015   -0.0003888922   1820556
267   0.0000544715   -0.0000181277   1820417
268   0.0000545645   -0.0004230114   1820282
269   0.0000540212   -0.0013850499   1820151
270   0.0000534474   -0.0006373563   1820018
271   0.0000535456   -0.0007423611   1819869
272   0.0000537388   0.0000939699   1819732
273   0.0000536995   -0.0006210183   1819592
274   0.0000534757   -0.0000038473   1819465
275   0.0000535818   0.0002044700   1819338
276   0.0000537512   -0.0004397506   1819213
277   0.0000538593   -0.0008493216   1819099
278   0.0000539291   -0.0003903293   1818977
279   0.0000540128   -0.0001627410   1818841
280   0.0000538693   -0.0010188535   1818711
281   0.0000538914   0.0000582871   1818584
282   0.0000539904   -0.0007390853   1818464
283   0.0000537687   -0.0006153975   1818337
284   0.0000535950   -0.0004366952   1818202
285   0.0000533398   -0.0008514505   1818074
286   0.0000532221   -0.0011716507   1817948
287   0.0000532698   -0.0001017704   1817817
288   0.0000534265   -0.0005468488   1817687
289   0.0000533324   -0.0015735459   1817551
290   0.0000532267   -0.0021904606   1817426
291   0.0000529256   0.0005117479   1817301
292   0.0000530358   0.0008480201   1817174
293   0.0000533400   0.0003423150   1817040
294   0.0000533459   -0.0005679998   1816902
295   0.0000533634   0.0004909785   1816780
296   0.0000535711   0.0009578159   1816633
297   0.0000538082   -0.0003771005   1816492
298   0.0000539230   0.0003589630   1816343
299   0.0000539767   0.0007521285   1816179
300   0.0000541301   0.0000616729   1816033
301   0.0000542877   0.0007748237   1815897
302   0.0000543354   0.0001883514   1815755
303   0.0000543350   0.0002070910   1815627
304   0.0000542708   -0.0004494632   1815499
305   0.0000541788   -0.0007386924   1815370
306   0.0000541424   0.0000875916   1815243
307   0.0000542290   0.0001195525   1815102
308   0.0000541785   -0.0000831969   1814971
309   0.0000542021   -0.0003410741   1814855
310   0.0000540399   -0.0008364922   1814721
311   0.0000539999   -0.0021850582   1814597
312   0.0000534746   0.0004364928   1814463
313   0.0000531717   -0.0000837776   1814328
314   0.0000533677   0.0000666956   1814213
315   0.0000533423   0.0000143322   1814097
316   0.0000533633   -0.0004046376   1813969
317   0.0000532619   0.0000044106   1813832
318   0.0000532880   -0.0003241997   1813697
319   0.0000533530   -0.0004560046   1813578
320   0.0000531541   -0.0005106269   1813457
321   0.0000529518   -0.0002492656   1813327
322   0.0000530391   0.0000016545   1813202
323   0.0000531294   0.0004605413   1813084
324   0.0000530160   -0.0007043699   1812968
325   0.0000527077   0.0004528793   1812845
326   0.0000529289   -0.0001015058   1812704
327   0.0000528391   -0.0007094906   1812568
328   0.0000526302   -0.0015630931   1812432
329   0.0000524325   -0.0010268748   1812295
330   0.0000522101   -0.0000860851   1812161
331   0.0000525481   -0.0001677675   1812031
332   0.0000523580   -0.0002489074   1811919
333   0.0000523815   -0.0006827483   1811795
334   0.0000522330   -0.0004625521   1811688
335   0.0000521728   -0.0002125234   1811565
336   0.0000522342   -0.0010317684   1811453
337   0.0000524327   -0.0009689034   1811326
338   0.0000522645   -0.0003936610   1811203
339   0.0000523175   -0.0004560804   1811084
340   0.0000526701   0.0000149092   1810963
341   0.0000526973   -0.0003252647   1810833
342   0.0000526062   -0.0001518754   1810695
343   0.0000525357   -0.0000983114   1810573
344   0.0000523855   -0.0011483301   1810455
345   0.0000521488   -0.0012185617   1810331
346   0.0000520972   -0.0008921577   1810218
347   0.0000519663   -0.0000928131   1810089
348   0.0000523472   -0.0008464261   1809963
349   0.0000523833   -0.0000519382   1809844
350   0.0000524606   -0.0007940459   1809719
351   0.0000524524   0.0002177308   1809574
352   0.0000525104   0.0006012953   1809427
353   0.0000522845   -0.0000038689   1809295
354   0.0000522638   0.0004256119   1809160
355   0.0000525837   0.0001558841   1809036
356   0.0000526648   -0.0003073695   1808898
357   0.0000527374   0.0001210774   1808761
358   0.0000527365   0.0005993510   1808623
359   0.0000529457   0.0004174742   1808495
360   0.0000530076   -0.0003688427   1808359
361   0.0000530579   -0.0002267440   1808207
362   0.0000530542   0.0011592420   1808078
363   0.0000533226   0.0007256834   1807951
364   0.0000535299   0.0003042318   1807832
365   0.0000537089   0.0008247982   1807715
366   0.0000540270   0.0002638874   1807589
367   0.0000541504   0.0007972554   1807451
368   0.0000541856   -0.0001571374   1807335
369   0.0000540678   0.0007121498   1807204
370   0.0000540460   0.0008710189   1807079
371   0.0000543400   -0.0001361415   1806943
372   0.0000539762   0.0007233707   1806819
373   0.0000544504   0.0000725077   1806704
374   0.0000544400   -0.0001981647   1806578
375   0.0000543812   -0.0011049253   1806457
376   0.0000542825   0.0001406172   1806322
377   0.0000541045   -0.0004235432   1806191
378   0.0000542870   -0.0001649995   1806066
379   0.0000542668   0.0006556106   1805950
380   0.0000545430   0.0002032303   1805833
381   0.0000547443   -0.0005377392   1805708
382   0.0000546140   -0.0002292874   1805594
383   0.0000546747   -0.0008745616   1805476
384   0.0000545801   -0.0005262117   1805357
385   0.0000544066   -0.0003262751   1805225
386   0.0000540811   0.0003883435   1805103
387   0.0000543097   -0.0001174531   1804976
388   0.0000544147   -0.0008538082   1804855
389   0.0000543258   0.0000670465   1804718
390   0.0000543726   -0.0003114289   1804585
391   0.0000542387   0.0004062159   1804459
392   0.0000543559   -0.0000460005   1804330
393   0.0000543706   -0.0005126895   1804211
394   0.0000543270   -0.0009400867   1804089
395   0.0000542683   -0.0010637708   1803960
396   0.0000541222   -0.0003597886   1803837
397   0.0000539212   -0.0008443703   1803711
398   0.0000540656   -0.0002289881   1803587
399   0.0000539930   -0.0000110897   1803470
400   0.0000538029   0.0003066513   1803351
401   0.0000541965   0.0007619681   1803225
402   0.0000543282   0.0003832287   1803101
403   0.0000542954   0.0001053817   1802969
404   0.0000541733   0.0000693349   1802844
405   0.0000540106   0.0000332830   1802723
406   0.0000537878   0.0006951086   1802596
407   0.0000540339   -0.0014568744   1802489
408   0.0000537075   -0.0018669852   1802371
409   0.0000532510   -0.0009887657   1802247
410   0.0000532816   0.0010099155   1802131
411   0.0000534982   -0.0006681413   1802014
412   0.0000534657   -0.0009279182   1801883
413   0.0000536336   0.0000616062   1801767
414   0.0000539849   -0.0003330306   1801636
415   0.0000536644   -0.0008170928   1801509
416   0.0000534937   -0.0010836131   1801381
417   0.0000534624   -0.0004563455   1801267
418   0.0000532403   0.0003464501   1801125
419   0.0000531383   -0.0005957785   1801005
420   0.0000528882   -0.0002126746   1800873
421   0.0000526794   -0.0009435005   1800741
422   0.0000525503   -0.0002626877   1800617
423   0.0000525670   -0.0009403006   1800488
424   0.0000525308   -0.0010864470   1800364
425   0.0000525082   -0.0007421278   1800229
426   0.0000526509   -0.0006549607   1800108
427   0.0000525904   -0.0002816693   1799983
428   0.0000525191   -0.0004639250   1799860
429   0.0000523006   -0.0002628154   1799742
430   0.0000520506   -0.0002711700   1799609
431   0.0000517041   -0.0003990037   1799482
432   0.0000517454   -0.0003712448   1799352
433   0.0000513745   -0.0000038906   1799225
434   0.0000514502   -0.0000122284   1799084
435   0.0000515518   0.0001028370   1798963
436   0.0000516152   -0.0007905112   1798836
437   0.0000515699   -0.0009701403   1798709
438   0.0000515331   -0.0010941868   1798596
439   0.0000512886   0.0013956307   1798470
440   0.0000514066   0.0002997184   1798355
441   0.0000515192   0.0001423623   1798229
442   0.0000515668   0.0007046319   1798102
443   0.0000517813   0.0004443871   1797982
444   0.0000519190   0.0004093763   1797857
445   0.0000518274   0.0003009349   1797731
446   0.0000516774   -0.0007899413   1797602
447   0.0000517558   -0.0004228160   1797472
448   0.0000519057   0.0005986611   1797344
449   0.0000519557   -0.0002581777   1797212
450   0.0000518363   0.0005559006   1797084
451   0.0000516911   -0.0008954006   1796961
452   0.0000516246   -0.0007374044   1796843
453   0.0000514500   -0.0018862128   1796722
454   0.0000512462   0.0000623397   1796608
455   0.0000513024   0.0001987212   1796487
456   0.0000514495   -0.0005076919   1796365
457   0.0000515227   -0.0006914401   1796251
458   0.0000512720   -0.0007594092   1796133
459   0.0000509392   -0.0002427606   1796008
460   0.0000511963   0.0010474003   1795875
461   0.0000511911   -0.0001715146   1795766
462   0.0000513399   -0.0004945262   1795658
463   0.0000514238   -0.0002517358   1795533
464   0.0000513336   -0.0001893716   1795412
465   0.0000513691   0.0004595342   1795296
466   0.0000517532   0.0011257993   1795169
467   0.0000519888   0.0009191991   1795041
468   0.0000520888   0.0007031013   1794905
469   0.0000519536   0.0002679981   1794789
470   0.0000518631   -0.0000417905   1794665
471   0.0000521277   0.0007021267   1794548
472   0.0000520601   0.0002323877   1794415
473   0.0000521620   0.0001822444   1794294
474   0.0000519754   -0.0002803525   1794170
475   0.0000521160   -0.0008957477   1794032
476   0.0000517480   -0.0008729511   1793915
477   0.0000514631   -0.0008891788   1793790
478   0.0000513293   -0.0004097778   1793655
479   0.0000512158   0.0000429321   1793531
480   0.0000511447   -0.0006562968   1793396
481   0.0000511080   -0.0003423917   1793268
482   0.0000509441   0.0003039351   1793146
483   0.0000509315   -0.0005030608   1793024
484   0.0000510528   -0.0000630261   1792908
485   0.0000512055   -0.0004930843   1792797
486   0.0000510910   -0.0008356209   1792679
487   0.0000508341   -0.0006080703   1792556
488   0.0000510691   0.0006460493   1792433
489   0.0000512235   -0.0003542904   1792315
490   0.0000510319   0.0010238915   1792182
491   0.0000512094   0.0005100310   1792048
492   0.0000515913   0.0003186519   1791924
493   0.0000515917   -0.0008321269   1791794
494   0.0000514463   0.0002706990   1791658
495   0.0000514173   0.0010225868   1791535
496   0.0000517715   -0.0004895604   1791403
497   0.0000513841   0.0002305633   1791265
498   0.0000515037   -0.0006911811   1791137
499   0.0000514567   0.0000106086   1790994
500   0.0000511372   -0.0006884930   1790868
501   0.0000511360   -0.0003948080   1790744
502   0.0000510116   -0.0011414983   1790629
503   0.0000508411   -0.0002948880   1790510
504   0.0000507228   0.0004954233   1790388
505   0.0000510373   0.0003485549   1790249
506   0.0000510838   0.0002564067   1790125
507   0.0000509335   0.0001927383   1789992
508   0.0000510783   0.0001938696   1789863
509   0.0000511535   0.0001318628   1789739
510   0.0000513331   0.0002738018   1789616
511   0.0000514781   0.0000095000   1789472
512   0.0000513899   -0.0004029367   1789363
513   0.0000514732   0.0000765687   1789242
514   0.0000515607   0.0006293600   1789119
515   0.0000517432   -0.0001453340   1788983
516   0.0000513391   0.0005070265   1788861
517   0.0000513260   -0.0004684867   1788738
518   0.0000515781   0.0001738787   1788603
519   0.0000515968   0.0001118267   1788481
520   0.0000513920   -0.0003623464   1788344
521   0.0000515001   -0.0000548030   1788224
522   0.0000515107   0.0005066845   1788095
523   0.0000515910   0.0002047019   1787966
524   0.0000513512   -0.0005313725   1787823
525   0.0000512859   0.0003003890   1787682
526   0.0000515286   -0.0002243289   1787554
527   0.0000515987   -0.0011849282   1787450
528   0.0000515942   0.0004302526   1787322
529   0.0000516165   0.0005673730   1787184
530   0.0000515761   -0.0008802172   1787059
531   0.0000514555   -0.0004381810   1786933
532   0.0000517470   -0.0005568589   1786808
533   0.0000515880   0.0005619361   1786680
534   0.0000515865   0.0002961026   1786543
535   0.0000514107   -0.0000526196   1786408
536   0.0000511036   0.0003571674   1786277
537   0.0000510758   -0.0002345828   1786150
538   0.0000511593   0.0006007819   1786006
539   0.0000515574   0.0013388313   1785886
540   0.0000517603   -0.0000156798   1785741
541   0.0000518731   -0.0001293686   1785595
542   0.0000517779   -0.0011767282   1785459
543   0.0000517851   -0.0010093372   1785330
544   0.0000514733   -0.0000173649   1785209
545   0.0000516350   -0.0005876477   1785083
546   0.0000518684   -0.0002868429   1784949
547   0.0000518538   0.0002045026   1784818
548   0.0000522304   0.0010679690   1784696
549   0.0000525492   -0.0002841016   1784573
550   0.0000524749   0.0007044207   1784445
551   0.0000526733   0.0007341786   1784307
552   0.0000528673   0.0006064434   1784173
553   0.0000529587   0.0004170319   1784036
554   0.0000531266   0.0004484519   1783915
555   0.0000531030   -0.0001294998   1783787
556   0.0000530612   0.0014711332   1783659
557   0.0000532526   0.0010692303   1783526
558   0.0000530979   0.0003672787   1783387
559   0.0000531473   -0.0002220661   1783253
560   0.0000531846   0.0008956262   1783110
561   0.0000532282   0.0002428528   1782973
562   0.0000532615   0.0004330165   1782842
563   0.0000536935   -0.0003853696   1782704
564   0.0000535077   -0.0000117808   1782557
565   0.0000534078   0.0000286128   1782420
566   0.0000533887   -0.0005835193   1782289
567   0.0000531542   -0.0004993954   1782155
568   0.0000530730   -0.0001762045   1782020
569   0.0000530642   0.0002755534   1781869
570   0.0000531566   -0.0002896049   1781738
571   0.0000530829   0.0003384608   1781595
572   0.0000529793   0.0003132287   1781446
573   0.0000530549   -0.0002649734   1781311
574   0.0000529689   -0.0007612956   1781174
575   0.0000526530   -0.0011633731   1781028
576   0.0000524860   -0.0000943342   1780903
577   0.0000519562   0.0002380997   1780767
578   0.0000514430   -0.0008188164   1780619
579   0.0000513045   -0.0005397460   1780467
580   0.0000509111   -0.0011250780   1780321
581   0.0000506194   -0.0004937678   1780189
582   0.0000504599   0.0000213480   1780027
583   0.0000508408   0.0000921412   1779877
584   0.0000510739   -0.0005618861   1779720
585   0.0000508237   -0.0007338806   1779581
586   0.0000505983   -0.0004877945   1779438
587   0.0000506280   0.0006676869   1779277
588   0.0000509512   0.0005317238   1779119
589   0.0000509603   -0.0007391926   1778968
590   0.0000509653   -0.0011428970   1778813
591   0.0000505068   -0.0002833592   1778661
592   0.0000503773   0.0004779295   1778505
593   0.0000501590   0.0002952183   1778345
594   0.0000500911   -0.0006321073   1778179
595   0.0000500049   -0.0001411697   1778002
596   0.0000497115   0.0000078748   1777834
597   0.0000496139   -0.0007358025   1777651
598   0.0000495525   -0.0009001401   1777501
599   0.0000494490   -0.0001744147   1777373
600   0.0000495701   0.0009582290   1777237
601   0.0000495435   -0.0003027404   1777100
602   0.0000494774   -0.0001316847   1776972
603   0.0000493877   -0.0001688372   1776860
604   0.0000496492   -0.0001907998   1776731
605   0.0000497258   -0.0003039491   1776613
606   0.0000494768   -0.0005088689   1776489
607   0.0000492165   -0.0012114614   1776367
608   0.0000491241   0.0001390569   1776251
609   0.0000494575   -0.0001801661   1776139
610   0.0000492354   0.0000084458   1776032
611   0.0000494046   0.0000039416   1775923
612   0.0000493313   0.0009038073   1775821
613   0.0000494239   -0.0003300081   1775714
614   0.0000496587   -0.0000315384   1775614
615   0.0000500359   0.0002286679   1775501
616   0.0000501293   0.0003582320   1775386
617   0.0000502263   0.0001205450   1775270
618   0.0000501515   0.0000495732   1775151
619   0.0000501401   0.0005577374   1775029
620   0.0000505920   -0.0000507069   1774908
621   0.0000507868   -0.0000005634   1774800
622   0.0000512879   0.0009500395   1774663
623   0.0000512859   -0.0006705941   1774546
624   0.0000513350   -0.0009332627   1774420
625   0.0000515215   -0.0000755220   1774317
626   0.0000515825   0.0008685551   1774211
627   0.0000518531   -0.0004599539   1774091
628   0.0000517912   0.0001341615   1773982
629   0.0000521580   0.0011387563   1773865
630   0.0000525327   0.0005547562   1773752
631   0.0000525561   0.0005440788   1773640
632   0.0000526120   -0.0002604979   1773527
633   0.0000525607   -0.0000242474   1773386
634   0.0000525207   0.0006180665   1773272
635   0.0000524466   -0.0000941824   1773156
636   0.0000527031   0.0010185884   1773042
637   0.0000527722   -0.0011517683   1772926
638   0.0000525341   -0.0004213642   1772813
639   0.0000527430   -0.0001376442   1772687
640   0.0000523309   -0.0008569498   1772566
641   0.0000522758   0.0005325997   1772438
642   0.0000524638   0.0011098441   1772321
643   0.0000526610   -0.0000496556   1772206
644   0.0000526736   0.0014299629   1772074
645   0.0000524727   0.0011975500   1771951
646   0.0000525897   0.0006473537   1771829
647   0.0000524899   -0.0006394908   1771722
648   0.0000524326   -0.0010126445   1771599
649   0.0000522052   -0.0000824173   1771472
650   0.0000521486   -0.0003268669   1771363
651   0.0000517831   0.0002941419   1771254
652   0.0000519004   -0.0000508150   1771132
653   0.0000520352   0.0000214567   1771011
654   0.0000520553   0.0002823441   1770889
655   0.0000521543   0.0010001406   1770751
656   0.0000523291   0.0003840445   1770628
657   0.0000525775   -0.0000084722   1770503
658   0.0000526981   0.0003123621   1770381
659   0.0000528141   0.0004321402   1770259
660   0.0000529045   -0.0003479963   1770134
661   0.0000529306   0.0002853091   1770010
662   0.0000530115   0.0003633004   1769885
663   0.0000531267   0.0003768856   1769768
664   0.0000531680   0.0007148334   1769643
665   0.0000534201   0.0009663632   1769521
666   0.0000534012   0.0009206479   1769406
667   0.0000535050   -0.0001876457   1769292
668   0.0000533885   0.0005708827   1769190
669   0.0000538290   0.0001198360   1769084
670   0.0000541932   0.0002272518   1768963
671   0.0000540454   0.0004290943   1768842
672   0.0000542988   -0.0005670748   1768726
673   0.0000545192   0.0000978172   1768605
674   0.0000546295   0.0000814247   1768505
675   0.0000545754   0.0000203573   1768407
676   0.0000546513   0.0001012273   1768298
677   0.0000548804   -0.0007408744   1768181
678   0.0000548901   -0.0005893402   1768079
679   0.0000547435   0.0005379078   1767961
680   0.0000548496   0.0006301432   1767852
681   0.0000548495   0.0002155274   1767757
682   0.0000550183   -0.0011133413   1767652
683   0.0000549087   -0.0004328027   1767549
684   0.0000548350   -0.0006682041   1767424
685   0.0000551023   -0.0014547541   1767309
686   0.0000548872   -0.0009591444   1767200
687   0.0000549833   0.0000379157   1767080
688   0.0000546467   -0.0005342500   1766963
689   0.0000545417   -0.0003356242   1766857
690   0.0000543738   0.0006361982   1766745
691   0.0000546559   -0.0008717147   1766633
692   0.0000544515   -0.0000707608   1766516
693   0.0000543739   -0.0005287621   1766390
694   0.0000544703   -0.0004789709   1766287
695   0.0000540195   -0.0004665428   1766183
696   0.0000541590   0.0003759756   1766072
697   0.0000543737   -0.0000311445   1765964
698   0.0000541163   0.0002576669   1765846
699   0.0000540729   -0.0009825959   1765731
700   0.0000539554   -0.0014386020   1765603
701   0.0000541100   0.0002815062   1765503
702   0.0000541782   0.0003517640   1765388
703   0.0000543192   -0.0001285927   1765264
704   0.0000540574   -0.0004260261   1765150
705   0.0000541604   0.0001535381   1765034
706   0.0000543951   -0.0003648882   1764924
707   0.0000544530   -0.0004402733   1764813
708   0.0000543533   -0.0005474043   1764692
709   0.0000540705   -0.0005633053   1764585
710   0.0000540547   0.0007101319   1764461
711   0.0000538722   0.0001904366   1764367
712   0.0000538202   0.0006382272   1764262
713   0.0000537692   -0.0009403957   1764151
714   0.0000537605   0.0000085032   1764037
715   0.0000539549   -0.0004161172   1763926
716   0.0000541316   0.0001150912   1763819
717   0.0000539758   -0.0004167354   1763709
718   0.0000540302   0.0001684063   1763592
719   0.0000538957   0.0005687618   1763480
720   0.0000538927   0.0004899740   1763359
721   0.0000540965   0.0006283890   1763239
722   0.0000541737   0.0005847588   1763120
723   0.0000542459   0.0005881973   1763014
724   0.0000543929   0.0001514554   1762895
725   0.0000545017   -0.0001707537   1762773
726   0.0000543445   -0.0010484202   1762652
727   0.0000541660   0.0000641119   1762542
728   0.0000540148   0.0002939114   1762436
729   0.0000541822   0.0003228724   1762306
730   0.0000542486   0.0009828607   1762203
731   0.0000543763   -0.0012473767   1762098
732   0.0000542984   -0.0001583445   1761981
733   0.0000543374   0.0002230595   1761862
734   0.0000543552   -0.0004546634   1761743
735   0.0000545204   -0.0000493862   1761624
736   0.0000545168   0.0005075139   1761528
737   0.0000545054   0.0007028428   1761418
738   0.0000547966   0.0011769642   1761311
739   0.0000548399   -0.0002151943   1761199
740   0.0000544108   -0.0001976059   1761081
741   0.0000547705   0.0007302764   1760977
742   0.0000548501   -0.0009302215   1760871
743   0.0000546271   -0.0004492363   1760766
744   0.0000546388   -0.0005509313   1760655
745   0.0000547386   -0.0005765247   1760549
746   0.0000546829   -0.0007214118   1760437
747   0.0000545667   0.0010895752   1760319
748   0.0000546260   0.0012004290   1760204
749   0.0000546764   -0.0000335211   1760084
750   0.0000545289   -0.0011011570   1759967
751   0.0000541273   -0.0007290348   1759861
752   0.0000540965   0.0004642723   1759743
753   0.0000538152   -0.0005756928   1759619
754   0.0000536867   -0.0018238177   1759496
755   0.0000535638   -0.0002881695   1759381
756   0.0000532694   -0.0006366281   1759269
757   0.0000529631   -0.0005116072   1759162
758   0.0000528834   -0.0000693559   1759044
759   0.0000530603   0.0000960809   1758934
760   0.0000533347   -0.0000307024   1758822
761   0.0000536581   0.0008563104   1758708
762   0.0000539234   0.0005538525   1758591
763   0.0000539250   -0.0006738786   1758477
764   0.0000538062   -0.0000119429   1758371
765   0.0000535513   -0.0002991591   1758262
766   0.0000537418   0.0001603952   1758157
767   0.0000538327   0.0008060076   1758048
768   0.0000539893   -0.0002650830   1757940
769   0.0000542878   -0.0007765221   1757838
770   0.0000542029   -0.0007236610   1757729
771   0.0000541136   -0.0002952843   1757628
772   0.0000538571   -0.0006497818   1757513
773   0.0000539443   0.0002509392   1757398
774   0.0000544139   0.0000597514   1757282
775   0.0000545155   0.0005486128   1757159
776   0.0000544877   0.0008087392   1757056
777   0.0000546131   0.0001735978   1756935
778   0.0000543599   -0.0003773864   1756820
779   0.0000542268   -0.0007986511   1756712
780   0.0000541034   0.0005596022   1756605
781   0.0000543486   0.0009137479   1756502
782   0.0000547783   0.0001047611   1756377
783   0.0000548645   0.0000130960   1756262
784   0.0000548499   0.0003866432   1756141
785   0.0000549272   0.0003052333   1756034
786   0.0000549764   0.0005136897   1755924
787   0.0000551810   -0.0001469411   1755806
788   0.0000553915   -0.0008891127   1755683
789   0.0000549538   -0.0015954905   1755573
790   0.0000546381   -0.0005497150   1755455
791   0.0000543541   -0.0003714344   1755357
792   0.0000542046   -0.0006802465   1755246
793   0.0000540371   -0.0001367419   1755131
794   0.0000542811   -0.0009150940   1755011
795   0.0000541436   -0.0005424814   1754899
796   0.0000540298   -0.0006462319   1754788
797   0.0000541587   -0.0012372746   1754663
798   0.0000542082   -0.0005083945   1754543
799   0.0000539389   -0.0000113996   1754440
800   0.0000540397   0.0005249850   1754336
801   0.0000541953   0.0000222322   1754216
802   0.0000540656   0.0006270997   1754107
803   0.0000540474   -0.0001773096   1753994
804   0.0000541572   -0.0006904719   1753873
805   0.0000539543   0.0001345676   1753766
806   0.0000536757   0.0004636063   1753643
807   0.0000539373   0.0012551838   1753528
808   0.0000539336   0.0006358998   1753421
809   0.0000541333   -0.0000393541   1753310
810   0.0000538602   -0.0006405430   1753200
811   0.0000534960   -0.0000017113   1753075
812   0.0000534722   -0.0003804995   1752959
813   0.0000533178   -0.0000365120   1752846
814   0.0000532061   -0.0003543018   1752743
815   0.0000531795   -0.0007166348   1752636
816   0.0000529510   0.0000838785   1752535
817   0.0000528996   -0.0000074183   1752434
818   0.0000531902   0.0003047364   1752334
819   0.0000533060   0.0003726682   1752229
820   0.0000531310   -0.0004697159   1752123
821   0.0000530053   -0.0001843599   1752008
822   0.0000529539   -0.0002836923   1751898
823   0.0000526342   -0.0012124803   1751781
824   0.0000522593   -0.0004515696   1751668
825   0.0000520906   0.0003231409   1751558
826   0.0000523266   -0.0008621482   1751439
827   0.0000521881   0.0001027787   1751336
828   0.0000520011   -0.0010963760   1751224
829   0.0000516651   -0.0003654827   1751109
830   0.0000517406   0.0009463164   1751000
831   0.0000519422   0.0005797052   1750890
832   0.0000518896   0.0002587426   1750775
833   0.0000521509   0.0003175936   1750665
834   0.0000522899   -0.0003576015   1750552
835   0.0000522434   -0.0003164920   1750439
836   0.0000521543   -0.0002273856   1750331
837   0.0000518134   -0.0002085454   1750218
838   0.0000518313   0.0001822762   1750091
839   0.0000518979   0.0000800011   1749975
840   0.0000519603   -0.0003463158   1749848
841   0.0000517255   0.0008144160   1749720
842   0.0000514997   -0.0006521479   1749603
843   0.0000515013   0.0004172640   1749492
844   0.0000517496   -0.0003807057   1749383
845   0.0000518680   0.0008632113   1749282
846   0.0000518020   0.0002303941   1749177
847   0.0000516754   -0.0000863319   1749063
848   0.0000517231   0.0002349980   1748951
849   0.0000517765   -0.0007982375   1748853
850   0.0000513758   0.0003974283   1748743
851   0.0000514830   0.0007880469   1748627
852   0.0000514744   0.0006508399   1748510
853   0.0000516685   0.0004209565   1748399
854   0.0000516743   0.0000978103   1748283
855   0.0000518328   0.0004192946   1748174
856   0.0000519329   -0.0004599377   1748063
857   0.0000519556   -0.0002002338   1747957
858   0.0000519417   -0.0003369835   1747860
859   0.0000519008   -0.0001212989   1747749
860   0.0000519193   0.0009492775   1747645
861   0.0000520186   -0.0000389118   1747542
862   0.0000520661   0.0012916163   1747423
863   0.0000524781   -0.0006604438   1747310
864   0.0000523872   -0.0003245202   1747195
865   0.0000522146   -0.0005523448   1747097
866   0.0000522190   0.0003875239   1746989
867   0.0000521320   0.0000727010   1746882
868   0.0000522722   -0.0005850819   1746764
869   0.0000516839   -0.0006395041   1746666
870   0.0000513775   0.0006807726   1746545
871   0.0000512944   0.0006922721   1746423
872   0.0000515864   0.0011412649   1746308
873   0.0000515823   -0.0005257145   1746195
874   0.0000514556   -0.0008252658   1746104
875   0.0000511076   0.0005068729   1746000
876   0.0000510761   0.0001517860   1745879
877   0.0000509425   0.0006673330   1745755
878   0.0000507253   -0.0001924801   1745635
879   0.0000506430   0.0002950415   1745517
880   0.0000508598   -0.0000584392   1745405
881   0.0000505099   -0.0002555430   1745303
882   0.0000503421   -0.0002171687   1745187
883   0.0000502491   0.0003312201   1745063
884   0.0000501377   0.0012928730   1744951
885   0.0000503354   0.0003845642   1744832
886   0.0000502674   0.0007279134   1744713
887   0.0000500312   0.0000206351   1744598
888   0.0000498304   0.0000269422   1744474
889   0.0000498655   -0.0012881471   1744366
890   0.0000497184   0.0006874038   1744244
891   0.0000497385   -0.0008600326   1744120
892   0.0000498442   -0.0014438024   1744006
893   0.0000498385   0.0001548256   1743898
894   0.0000500458   -0.0002207837   1743788
895   0.0000499830   -0.0004513445   1743679
896   0.0000497434   -0.0000080296   1743554
897   0.0000498079   0.0008104606   1743453
898   0.0000501109   0.0002065012   1743331
899   0.0000501244   -0.0002363441   1743221
900   0.0000503928   -0.0003734717   1743104
901   0.0000504290   -0.0005352898   1742981
902   0.0000501867   -0.0001084413   1742879
903   0.0000501549   -0.0002759990   1742760
904   0.0000503329   -0.0000763203   1742656
905   0.0000503566   -0.0001641273   1742550
906   0.0000501180   0.0001767632   1742444
907   0.0000501177   0.0000723173   1742322
908   0.0000503588   -0.0008604044   1742204
909   0.0000500937   -0.0003185808   1742101
910   0.0000498819   0.0005648699   1741994
911   0.0000497359   -0.0006504437   1741888
912   0.0000496060   0.0002847671   1741774
913   0.0000499605   0.0003703346   1741668
914   0.0000500620   -0.0009330731   1741557
915   0.0000502088   -0.0006218977   1741444
916   0.0000500950   -0.0008487750   1741333
917   0.0000500431   -0.0002153651   1741229
918   0.0000500261   -0.0004135303   1741106
919   0.0000501387   -0.0008690388   1741004
920   0.0000502071   0.0001303929   1740893
921   0.0000504318   0.0001947402   1740781
922   0.0000504823   0.0008462249   1740672
923   0.0000506748   -0.0000453875   1740568
924   0.0000508514   0.0011646346   1740460
925   0.0000509702   0.0001292839   1740356
926   0.0000511307   -0.0008763089   1740254
927   0.0000509955   0.0000747056   1740163
928   0.0000512989   0.0012591592   1740050
929   0.0000515208   -0.0001632232   1739949
930   0.0000514432   -0.0009753832   1739829
931   0.0000510662   -0.0002529157   1739710
932   0.0000512321   -0.0000482871   1739594
933   0.0000512937   -0.0001103774   1739487
934   0.0000515814   -0.0002926322   1739385
935   0.0000518632   0.0003909666   1739279
936   0.0000516080   -0.0003668433   1739162
937   0.0000514490   0.0002311610   1739048
938   0.0000517892   -0.0000034503   1738955
939   0.0000518005   0.0003778366   1738847
940   0.0000519366   0.0002242995   1738747
941   0.0000520115   0.0001909541   1738638
942   0.0000518774   -0.0008449672   1738529
943   0.0000519489   0.0006103271   1738412
944   0.0000521468   0.0002473680   1738301
945   0.0000520239   -0.0008221248   1738179
946   0.0000518038   0.0000684675   1738051
947   0.0000520878   -0.0004292438   1737940
948   0.0000517258   0.0011922908   1737831
949   0.0000517589   -0.0007584704   1737708
950   0.0000520400   0.0001133745   1737604
951   0.0000520123   -0.0007614415   1737494
952   0.0000520774   0.0002365643   1737371
953   0.0000519333   -0.0004524382   1737254
954   0.0000516525   -0.0009763078   1737157
955   0.0000513132   -0.0008410821   1737048
956   0.0000513867   0.0003799806   1736931
957   0.0000512892   0.0013017947   1736833
958   0.0000515784   0.0006397098   1736725
959   0.0000515629   0.0004860035   1736613
960   0.0000516015   0.0013026105   1736513
961   0.0000520433   -0.0000835063   1736396
962   0.0000519439   0.0004693895   1736298
963   0.0000519749   0.0011542469   1736197
964   0.0000520897   0.0004193316   1736096
965   0.0000520740   0.0002177438   1735985
966   0.0000519132   0.0000679771   1735879
967   0.0000519115   0.0003185921   1735762
968   0.0000518072   -0.0008135276   1735651
969   0.0000520803   0.0015925916   1735536
970   0.0000525758   -0.0000962301   1735423
971   0.0000527859   -0.0001336925   1735325
972   0.0000528468   -0.0000034578   1735218
973   0.0000530108   0.0004357052   1735118
974   0.0000529339   -0.0000443799   1735019
975   0.0000527914   0.0008622916   1734912
976   0.0000529776   0.0010122134   1734812
977   0.0000534043   0.0001031873   1734709
978   0.0000532497   0.0004565878   1734606
979   0.0000532454   0.0006820433   1734494
980   0.0000531417   0.0010066894   1734398
981   0.0000530234   -0.0002940680   1734293
982   0.0000530608   0.0002687137   1734188
983   0.0000532463   0.0000795809   1734085
984   0.0000531377   0.0006337991   1733988
985   0.0000529559   0.0004337059   1733894
986   0.0000527154   0.0003979721   1733790
987   0.0000527263   0.0000801762   1733682
988   0.0000523311   0.0010492719   1733583
989   0.0000529882   0.0003668920   1733480
990   0.0000530146   0.0008976692   1733378
991   0.0000533673   -0.0004794411   1733268
992   0.0000534693   0.0002625267   1733157
993   0.0000532968   0.0000051931   1733055
994   0.0000533099   -0.0004143214   1732954
995   0.0000533214   -0.0003572142   1732854
996   0.0000532658   0.0003087581   1732748
997   0.0000530697   0.0002833795   1732659
998   0.0000529707   0.0007064743   1732547
999   0.0000531401   0.0002845709   1732433
1000   0.0000530860   0.0000132769   1732331
