0   0.0000000000   0.1200577875   2601947
1   0.0000417952   0.0417093616   2601790
2   0.0000460948   0.0176023585   2601640
3   0.0000462176   0.0144582028   2601499
4   0.0000471961   0.0143736077   2601365
5   0.0000489561   0.0141234435   2601207
6   0.0000508940   0.0139293747   2601050
7   0.0000527774   0.0132803161   2600917
8   0.0000546164   0.0131133989   2600775
9   0.0000561644   0.0113665159   2600621
10   0.0000573872   0.0096220809   2600477
11   0.0000584579   0.0090219457   2600326
12   0.0000590298   0.0086082601   2600177
13   0.0000596429   0.0082922216   2600027
14   0.0000601187   0.0074699372   2599888
15   0.0000606928   0.0065214364   2599734
16   0.0000610569   0.0058367031   2599584
17   0.0000612459   0.0058939527   2599444
18   0.0000613878   0.0054391483   2599304
19   0.0000613953   0.0054236691   2599163
20   0.0000616205   0.0053408777   2599011
21   0.0000621591   0.0051568804   2598858
22   0.0000623591   0.0052872448   2598707
23   0.0000625683   0.0042104105   2598559
24   0.0000626737   0.0038319455   2598419
25   0.0000629145   0.0033660846   2598271
26   0.0000630396   0.0033381830   2598120
27   0.0000631402   0.0031824689   2597983
28   0.0000631363   0.0038220155   2597844
29   0.0000632767   0.0033833945   2597687
30   0.0000633786   0.0036307625   2597526
31   0.0000635851   0.0026576863   2597372
32   0.0000637152   0.0029165621   2597236
33   0.0000637463   0.0024554367   2597094
34   0.0000638321   0.0022068178   2596952
35   0.0000639076   0.0016697435   2596806
36   0.0000635741   0.0015150226   2596661
37   0.0000633696   0.0019029309   2596521
38   0.0000631575   0.0007263988   2596370
39   0.0000629892   0.0007795956   2596218
40   0.0000630836   0.0017356972   2596075
41   0.0000633320   0.0015543532   2595935
42   0.0000634452   0.0016291746   2595793
43   0.0000634818   0.0022753383   2595658
44   0.0000637667   0.0020119282   2595520
45   0.0000637191   0.0021419002   2595359
46   0.0000637851   0.0006608344   2595204
47   0.0000636316   0.0011652910   2595060
48   0.0000636840   0.0021596108   2594912
49   0.0000640073   0.0015619966   2594756
50   0.0000642049   0.0018068261   2594605
51   0.0000645698   0.0014762264   2594453
52   0.0000647985   0.0008013713   2594303
53   0.0000649765   0.0008496052   2594146
54   0.0000651975   0.0003700871   2593984
55   0.0000652432   0.0013370211   2593826
56   0.0000653546   0.0003971218   2593663
57   0.0000651704   0.0008027718   2593514
58   0.0000651730   0.0014922766   2593353
59   0.0000654364   0.0012116304   2593200
60   0.0000654583   -0.0002209750   2593053
61   0.0000651698   -0.0004473773   2592890
62   0.0000647537   0.0001284357   2592738
63   0.0000644577   0.0008883043   2592580
64   0.0000641037   0.0001018347   2592436
65   0.0000638130   -0.0005805702   2592279
66   0.0000635897   -0.0003711225   2592136
67   0.0000634118   -0.0000324074   2591997
68   0.0000633131   -0.0005775804   2591847
69   0.0000629598   -0.0001142107   2591700
70   0.0000626857   -0.0003094679   2591545
71   0.0000626461   -0.0000883694   2591396
72   0.0000626658   0.0002280750   2591253
73   0.0000626057   0.0000536451   2591104
74   0.0000623911   -0.0006225511   2590952
75   0.0000621365   -0.0007634725   2590794
76   0.0000621552   -0.0005377023   2590653
77   0.0000619476   -0.0004431560   2590510
78   0.0000617363   -0.0007659137   2590370
79   0.0000615249   -0.0014010328   2590232
80   0.0000613269   -0.0006586603   2590106
81   0.0000612297   -0.0002787681   2589966
82   0.0000610645   0.0006286122   2589832
83   0.0000609300   -0.0006278737   2589693
84   0.0000609154   -0.0006275236   2589544
85   0.0000608277   -0.0011269029   2589398
86   0.0000607048   -0.0009327032   2589248
87   0.0000606064   -0.0011285762   2589103
88   0.0000603832   -0.0002638127   2588958
89   0.0000605900   -0.0006558985   2588815
90   0.0000608229   -0.0007343607   2588646
91   0.0000608986   -0.0005509001   2588491
92   0.0000606755   -0.0009214350   2588354
93   0.0000603432   -0.0010822147   2588211
94   0.0000600977   -0.0009377604   2588081
95   0.0000598563   -0.0010904439   2587937
96   0.0000597462   -0.0011708837   2587789
97   0.0000596387   -0.0003439407   2587655
98   0.0000595408   -0.0003107230   2587514
99   0.0000594365   -0.0003451377   2587373
100   0.0000595018   -0.0007278060   2587228
101   0.0000593398   0.0000119826   2587084
102   0.0000591605   0.0001395473   2586936
103   0.0000593218   -0.0002103001   2586780
104   0.0000595585   -0.0002617306   2586629
105   0.0000596870   0.0004082780   2586473
106   0.0000597559   -0.0004833126   2586318
107   0.0000598173   -0.0001465489   2586167
108   0.0000599242   -0.0001875476   2586010
109   0.0000599662   -0.0005274861   2585850
110   0.0000601971   0.0005364133   2585693
111   0.0000602803   -0.0004981569   2585531
112   0.0000602672   -0.0003024693   2585386
113   0.0000601160   -0.0009651016   2585220
114   0.0000600755   -0.0009992027   2585061
115   0.0000601621   -0.0000858833   2584904
116   0.0000600765   0.0001984717   2584752
117   0.0000600450   -0.0000085119   2584609
118   0.0000601069   -0.0001168527   2584450
119   0.0000601146   -0.0003532881   2584293
120   0.0000602847   0.0003424738   2584139
121   0.0000602786   0.0002743813   2583995
122   0.0000604298   0.0002236967   2583856
123   0.0000605614   -0.0001099192   2583716
124   0.0000605035   -0.0000325131   2583572
125   0.0000606932   -0.0002845047   2583437
126   0.0000607323   0.0002972950   2583293
127   0.0000608170   -0.0005702347   2583147
128   0.0000607875   -0.0000503290   2583005
129   0.0000607313   0.0006926404   2582870
130   0.0000610200   0.0000468499   2582718
131   0.0000610494   -0.0001742454   2582565
132   0.0000611716   -0.0006284805   2582419
133   0.0000610429   -0.0009166336   2582275
134   0.0000611965   -0.0002908457   2582125
135   0.0000612062   -0.0007536869   2581974
136   0.0000609890   -0.0004430997   2581812
137   0.0000610290   0.0006650739   2581668
138   0.0000613012   -0.0005144240   2581528
139   0.0000613133   -0.0003966857   2581389
140   0.0000612036   -0.0005629064   2581246
141   0.0000613777   -0.0003746465   2581100
142   0.0000612328   0.0004440208   2580960
143   0.0000612119   0.0002654195   2580820
144   0.0000613328   0.0005494669   2580683
145   0.0000613247   -0.0005456199   2580551
146   0.0000614361   -0.0007359298   2580409
147   0.0000612965   -0.0003007443   2580265
148   0.0000612976   0.0001833252   2580115
149   0.0000614369   -0.0001108550   2579946
150   0.0000613660   -0.0001996287   2579790
151   0.0000613116   -0.0007578574   2579641
152   0.0000611832   -0.0009238232   2579498
153   0.0000609145   -0.0010370794   2579359
154   0.0000609076   -0.0011201122   2579206
155   0.0000608283   -0.0010817941   2579049
156   0.0000609748   -0.0012908604   2578900
157   0.0000606071   -0.0014185107   2578761
158   0.0000603186   0.0005018204   2578612
159   0.0000606180   -0.0000019391   2578473
160   0.0000608808   -0.0001555273   2578325
161   0.0000609253   -0.0011399532   2578176
162   0.0000609298   -0.0005767988   2578022
163   0.0000608613   -0.0001346069   2577876
164   0.0000607964   -0.0003340146   2577732
165   0.0000607484   -0.0003305416   2577588
166   0.0000609510   0.0001485970   2577441
167   0.0000609551   -0.0003158334   2577308
168   0.0000608826   -0.0001889673   2577166
169   0.0000610360   -0.0007535833   2577021
170   0.0000610629   0.0002332281   2576877
171   0.0000612925   -0.0006461688   2576726
172   0.0000612199   0.0005227848   2576586
173   0.0000615523   -0.0003834747   2576441
174   0.0000613022   -0.0001952418   2576292
175   0.0000611514   0.0004821159   2576144
176   0.0000612273   -0.0001824531   2576005
177   0.0000612428   -0.0000263989   2575862
178   0.0000612897   -0.0007361080   2575709
179   0.0000612355   -0.0003723478   2575549
180   0.0000614282   -0.0002384106   2575389
181   0.0000616877   -0.0011474659   2575240
182   0.0000614657   -0.0001871774   2575097
183   0.0000613701   -0.0007693335   2574956
184   0.0000611889   -0.0010789129   2574814
185   0.0000610067   -0.0007977762   2574657
186   0.0000609923   -0.0010398103   2574508
187   0.0000609816   -0.0002198599   2574367
188   0.0000609798   -0.0003838050   2574224
189   0.0000608296   -0.0008515661   2574081
190   0.0000607023   -0.0004953486   2573945
191   0.0000608456   0.0002105830   2573807
192   0.0000609116   -0.0001359928   2573666
193   0.0000611161   0.0006613471   2573535
194   0.0000613012   0.0002778443   2573384
195   0.0000615861   0.0001278542   2573243
196   0.0000617202   0.0000338113   2573101
197   0.0000618132   -0.0001636246   2572963
198   0.0000616361   0.0005445414   2572807
199   0.0000616273   0.0002192287   2572656
200   0.0000616281   -0.0001208932   2572519
201   0.0000616444   0.0000653095   2572368
202   0.0000618069   0.0000334341   2572222
203   0.0000617556   0.0001006969   2572076
204   0.0000619034   -0.0000303273   2571937
205   0.0000620053   -0.0003565604   2571794
206   0.0000618727   0.0004460173   2571649
207   0.0000619372   -0.0002274924   2571515
208   0.0000619556   -0.0006440172   2571360
209   0.0000617481   -0.0001166768   2571206
210   0.0000615254   -0.0002679835   2571054
211   0.0000615968   -0.0005219944   2570909
212   0.0000618968   -0.0003812098   2570763
213   0.0000617000   0.0002723074   2570624
214   0.0000617864   -0.0002711544   2570491
215   0.0000616131   -0.0000820901   2570347
216   0.0000616131   0.0000237335   2570205
217   0.0000618374   -0.0001132271   2570056
218   0.0000618905   -0.0000933886   2569907
219   0.0000619644   -0.0002910782   2569756
220   0.0000618795   -0.0005393819   2569608
221   0.0000616718   -0.0002206691   2569458
222   0.0000616401   -0.0003475651   2569303
223   0.0000614624   0.0000225756   2569148
224   0.0000613707   -0.0001837283   2569011
225   0.0000612265   0.0007310613   2568868
226   0.0000614031   0.0001113396   2568718
227   0.0000615225   -0.0005419373   2568563
228   0.0000615026   0.0001354927   2568404
229   0.0000616252   0.0001230412   2568246
230   0.0000617034   -0.0006681983   2568100
231   0.0000617243   -0.0012543099   2567946
232   0.0000614500   -0.0010530481   2567784
233   0.0000614515   -0.0011162036   2567632
234   0.0000612847   -0.0003045790   2567478
235   0.0000612250   -0.0011307454   2567333
236   0.0000610146   -0.0006586997   2567179
237   0.0000608207   0.0006770465   2567032
238   0.0000609132   0.0001203798   2566875
239   0.0000610250   -0.0001418160   2566706
240   0.0000609646   0.0007523733   2566545
241   0.0000610018   -0.0003647144   2566392
242   0.0000610745   -0.0004539693   2566253
243   0.0000608343   -0.0004789356   2566107
244   0.0000605201   0.0000023383   2565959
245   0.0000605530   0.0005066606   2565820
246   0.0000607871   -0.0001484988   2565678
247   0.0000609778   -0.0000362498   2565534
248   0.0000608296   -0.0000257271   2565386
249   0.0000606402   -0.0008046009   2565247
250   0.0000605328   -0.0003992046   2565101
251   0.0000603815   -0.0001044857   2564944
252   0.0000604388   -0.0006125227   2564803
253   0.0000602703   -0.0001754623   2564653
254   0.0000601147   0.0003248193   2564503
255   0.0000599211   -0.0002097996   2564352
256   0.0000598945   0.0000830671   2564191
257   0.0000597041   -0.0009625491   2564025
258   0.0000597008   -0.0004122684   2563864
259   0.0000597893   -0.0004883559   2563704
260   0.0000597026   -0.0009939388   2563538
261   0.0000596399   -0.0009347019   2563384
262   0.0000595325   -0.0011228056   2563222
263   0.0000593168   -0.0007350526   2563082
264   0.0000593089   0.0003940813   2562923
265   0.0000594724   -0.0002981160   2562761
266   0.0000594692   0.0004514914   2562618
267   0.0000594368   -0.0005178613   2562462
268   0.0000592203   -0.0010763784   2562296
269   0.0000589133   -0.0006549195   2562147
270   0.0000587272   -0.0002185802   2561989
271   0.0000586849   -0.0003563857   2561831
272   0.0000589821   -0.0004048128   2561678
273   0.0000588104   -0.0007956217   2561519
274   0.0000588634   -0.0005969445   2561377
275   0.0000587981   -0.0006793637   2561220
276   0.0000588907   -0.0002518470   2561079
277   0.0000592049   0.0002436628   2560916
278   0.0000595248   -0.0008282659   2560772
279   0.0000594125   -0.0004354426   2560613
280   0.0000592613   -0.0005381852   2560457
281   0.0000591284   -0.0003905763   2560319
282   0.0000590563   -0.0004421587   2560167
283   0.0000590559   -0.0000808592   2560006
284   0.0000594144   0.0004461183   2559859
285   0.0000596218   0.0002695623   2559705
286   0.0000597648   -0.0002258194   2559568
287   0.0000597308   -0.0009603742   2559419
288   0.0000596908   -0.0003356422   2559273
289   0.0000596949   -0.0002743121   2559129
290   0.0000597846   -0.0004450996   2558978
291   0.0000598131   -0.0004900687   2558825
292   0.0000596612   -0.0008320745   2558665
293   0.0000597913   -0.0014387246   2558516
294   0.0000594988   -0.0008720437   2558358
295   0.0000594013   -0.0009573164   2558193
296   0.0000595517   -0.0006403348   2558037
297   0.0000595768   -0.0003901662   2557884
298   0.0000596789   0.0001176829   2557721
299   0.0000598356   -0.0005841503   2557561
300   0.0000596993   -0.0004117481   2557389
301   0.0000597998   -0.0004027830   2557208
302   0.0000598862   0.0005913043   2557059
303   0.0000601139   0.0002467826   2556906
304   0.0000602687   0.0007083172   2556764
305   0.0000604343   0.0006195666   2556626
306   0.0000605807   0.0000219051   2556480
307   0.0000605005   0.0007800275   2556320
308   0.0000606524   -0.0002589822   2556160
309   0.0000606446   -0.0001995290   2556019
310   0.0000606680   -0.0006076228   2555862
311   0.0000605620   -0.0012955294   2555712
312   0.0000602766   -0.0003783905   2555561
313   0.0000603322   -0.0007462584   2555415
314   0.0000603609   -0.0005040555   2555274
315   0.0000601093   -0.0008684517   2555122
316   0.0000601030   -0.0000090020   2554974
317   0.0000602462   -0.0006470105   2554827
318   0.0000603677   -0.0001812360   2554680
319   0.0000605020   -0.0008909704   2554518
320   0.0000604031   -0.0005891861   2554371
321   0.0000603837   -0.0000865234   2554223
322   0.0000603797   -0.0007630931   2554079
323   0.0000603233   -0.0002028247   2553929
324   0.0000602506   -0.0002960313   2553784
325   0.0000602963   -0.0000873266   2553633
326   0.0000603635   -0.0004225604   2553481
327   0.0000601044   -0.0009043082   2553333
328   0.0000600648   -0.0002252088   2553186
329   0.0000600797   0.0000669795   2553021
330   0.0000600667   -0.0007368233   2552851
331   0.0000599449   -0.0008696674   2552700
332   0.0000600244   -0.0003463202   2552551
333   0.0000600347   -0.0007718202   2552408
334   0.0000600229   -0.0005410872   2552269
335   0.0000596945   -0.0005207444   2552116
336   0.0000596080   -0.0003926389   2551963
337   0.0000595844   -0.0008676178   2551815
338   0.0000595195   -0.0001367735   2551664
339   0.0000595040   0.0002915917   2551513
340   0.0000597989   -0.0005839981   2551378
341   0.0000595999   -0.0008909414   2551234
342   0.0000594531   0.0000454709   2551084
343   0.0000596371   0.0007287533   2550932
344   0.0000596072   -0.0004880877   2550771
345   0.0000594694   -0.0004712594   2550612
346   0.0000594190   -0.0007484910   2550465
347   0.0000594473   0.0000784213   2550329
348   0.0000597126   -0.0006023078   2550191
349   0.0000595889   -0.0000462738   2550039
350   0.0000595827   -0.0003894315   2549871
351   0.0000597933   0.0002419885   2549708
352   0.0000598242   -0.0000909966   2549546
353   0.0000601177   -0.0004597184   2549387
354   0.0000601396   0.0000031382   2549224
355   0.0000601490   -0.0005331337   2549079
356   0.0000602101   -0.0001224048   2548920
357   0.0000602411   -0.0000564979   2548768
358   0.0000600059   0.0000325669   2548602
359   0.0000599620   -0.0008267793   2548443
360   0.0000601137   -0.0006047230   2548274
361   0.0000599326   -0.0006279183   2548102
362   0.0000597921   -0.0010898984   2547944
363   0.0000594789   -0.0005094607   2547792
364   0.0000594600   -0.0007716897   2547656
365   0.0000595801   -0.0008894985   2547503
366   0.0000596134   -0.0000824387   2547347
367   0.0000596688   0.0008130490   2547202
368   0.0000597179   0.0004880140   2547058
369   0.0000596961   0.0000844157   2546921
370   0.0000598661   -0.0004939586   2546772
371   0.0000598876   -0.0000380896   2546630
372   0.0000600659   -0.0006809410   2546476
373   0.0000599096   0.0001724051   2546328
374   0.0000601676   -0.0007238286   2546183
375   0.0000600712   -0.0010180528   2546037
376   0.0000600597   -0.0001021258   2545880
377   0.0000600318   -0.0006461798   2545731
378   0.0000600330   0.0004843703   2545573
379   0.0000601739   -0.0001532153   2545437
380   0.0000603567   0.0000235729   2545293
381   0.0000605533   0.0003268969   2545145
382   0.0000607170   0.0010817259   2545007
383   0.0000609988   0.0005524864   2544859
384   0.0000612695   0.0002357823   2544720
385   0.0000613101   -0.0001583759   2544579
386   0.0000611328   -0.0002110498   2544423
387   0.0000609452   -0.0004460991   2544278
388   0.0000611761   -0.0004744254   2544130
389   0.0000610070   -0.0000923748   2543984
390   0.0000610098   0.0001619603   2543833
391   0.0000611116   0.0005484185   2543678
392   0.0000612031   0.0003475478   2543535
393   0.0000612612   -0.0000766695   2543385
394   0.0000612470   -0.0004604365   2543239
395   0.0000611639   -0.0001108881   2543104
396   0.0000611168   0.0000058986   2542963
397   0.0000610151   -0.0005084902   2542822
398   0.0000607950   0.0000731513   2542675
399   0.0000608610   -0.0002033410   2542527
400   0.0000608135   -0.0007811581   2542379
401   0.0000606628   -0.0002505667   2542237
402   0.0000607989   -0.0003445970   2542100
403   0.0000607406   -0.0008430512   2541957
404   0.0000606985   -0.0003045078   2541807
405   0.0000606861   -0.0007416410   2541661
406   0.0000605490   -0.0004430409   2541526
407   0.0000603630   -0.0001377197   2541393
408   0.0000601328   -0.0006398444   2541243
409   0.0000600050   -0.0001818112   2541098
410   0.0000599431   0.0002089758   2540964
411   0.0000601689   -0.0003416225   2540816
412   0.0000599592   -0.0001822347   2540680
413   0.0000598459   -0.0002778938   2540539
414   0.0000598617   -0.0008069599   2540399
415   0.0000598470   -0.0002377722   2540247
416   0.0000600049   -0.0004310849   2540103
417   0.0000601793   0.0000543317   2539955
418   0.0000603647   0.0001633992   2539792
419   0.0000602334   -0.0002724797   2539639
420   0.0000601988   -0.0007489708   2539485
421   0.0000604729   -0.0006048842   2539329
422   0.0000606027   -0.0003142743   2539183
423   0.0000604487   -0.0003005073   2539040
424   0.0000603367   -0.0008180721   2538896
425   0.0000602071   -0.0010229448   2538749
426   0.0000598956   -0.0003809170   2538611
427   0.0000597163   -0.0006046945   2538472
428   0.0000596460   0.0003683546   2538315
429   0.0000597710   0.0003340990   2538170
430   0.0000601104   0.0001040182   2538018
431   0.0000601212   0.0003471419   2537867
432   0.0000602036   0.0003790797   2537725
433   0.0000600881   -0.0006348581   2537575
434   0.0000598938   -0.0000157640   2537434
435   0.0000597161   -0.0003716567   2537288
436   0.0000596382   -0.0002412165   2537140
437   0.0000596633   0.0000674026   2536994
438   0.0000598143   -0.0004939187   2536855
439   0.0000597470   -0.0001584722   2536723
440   0.0000596458   -0.0000587405   2536579
441   0.0000597237   0.0002199934   2536440
442   0.0000596247   0.0004321276   2536288
443   0.0000597209   -0.0000717626   2536140
444   0.0000597275   0.0000800472   2536003
445   0.0000598999   -0.0003900051   2535864
446   0.0000598089   -0.0005706475   2535716
447   0.0000598009   -0.0010325090   2535571
448   0.0000595655   -0.0011351168   2535422
449   0.0000594377   -0.0000015777   2535284
450   0.0000594208   -0.0004638812   2535132
451   0.0000594058   0.0004378724   2534985
452   0.0000594430   -0.0006998447   2534848
453   0.0000593972   -0.0003065427   2534720
454   0.0000595383   0.0002379093   2534579
455   0.0000595279   -0.0000852262   2534432
456   0.0000597072   0.0001171933   2534275
457   0.0000598770   -0.0003496254   2534141
458   0.0000596948   -0.0006665359   2533997
459   0.0000600391   -0.0000615661   2533861
460   0.0000601105   -0.0001349793   2533721
461   0.0000598423   -0.0007992652   2533577
462   0.0000596079   -0.0001176267   2533439
463   0.0000597810   -0.0001278965   2533298
464   0.0000594825   -0.0000540829   2533146
465   0.0000594167   0.0001539681   2532992
466   0.0000593798   0.0003573054   2532847
467   0.0000592935   -0.0004741981   2532697
468   0.0000592061   -0.0002495514   2532544
469   0.0000588225   0.0003929081   2532399
470   0.0000588257   0.0005730053   2532263
471   0.0000590747   -0.0004766787   2532104
472   0.0000589329   -0.0007093336   2531954
473   0.0000586044   -0.0004617267   2531801
474   0.0000583736   -0.0004009243   2531650
475   0.0000582824   -0.0001678856   2531486
476   0.0000583341   -0.0001224646   2531344
477   0.0000584651   0.0002722040   2531190
478   0.0000583878   0.0002291564   2531023
479   0.0000586128   -0.0000308193   2530883
480   0.0000587247   0.0000976005   2530726
481   0.0000589258   -0.0007563513   2530570
482   0.0000590436   -0.0004821326   2530424
483   0.0000589773   -0.0003303989   2530275
484   0.0000587922   0.0000181808   2530135
485   0.0000588508   0.0009094887   2529993
486   0.0000588441   -0.0004174164   2529848
487   0.0000585515   -0.0007937672   2529709
488   0.0000584741   -0.0007467696   2529562
489   0.0000583824   -0.0016549288   2529414
490   0.0000580665   -0.0008200053   2529252
491   0.0000580984   -0.0006441009   2529107
492   0.0000581733   -0.0007959825   2528950
493   0.0000578073   -0.0010115478   2528798
494   0.0000576615   -0.0004290841   2528642
495   0.0000577048   -0.0004635168   2528495
496   0.0000577717   0.0002681603   2528338
497   0.0000580318   0.0003571725   2528190
498   0.0000581132   -0.0004442189   2528033
499   0.0000580091   -0.0001550703   2527886
500   0.0000580146   -0.0001305518   2527732
501   0.0000582651   -0.0000367940   2527586
502   0.0000582594   -0.0000688446   2527433
503   0.0000581959   -0.0001262217   2527300
504   0.0000584149   0.0001622380   2527151
505   0.0000588306   0.0008812829   2526998
506   0.0000591739   0.0002002495   2526848
507   0.0000591228   -0.0003237422   2526702
508   0.0000592420   -0.0009724693   2526558
509   0.0000592135   -0.0007512613   2526418
510   0.0000592527   -0.0001092515   2526282
511   0.0000593461   0.0008423923   2526139
512   0.0000593532   -0.0013266054   2525996
513   0.0000591386   -0.0005898990   2525856
514   0.0000591875   -0.0001967764   2525710
515   0.0000594288   -0.0000197976   2525556
516   0.0000595580   -0.0002403565   2525415
517   0.0000594927   -0.0001702794   2525262
518   0.0000597815   0.0000562352   2525111
519   0.0000596023   -0.0008962532   2524956
520   0.0000596908   0.0003188349   2524818
521   0.0000597305   0.0004947207   2524657
522   0.0000597749   0.0002594563   2524510
523   0.0000598564   0.0004373405   2524349
524   0.0000600962   -0.0000772524   2524194
525   0.0000601894   0.0000011886   2524044
526   0.0000603035   0.0002440669   2523898
527   0.0000602994   -0.0006173346   2523753
528   0.0000602888   0.0015561183   2523587
529   0.0000603531   0.0007077657   2523434
530   0.0000605734   0.0004363368   2523280
531   0.0000606728   -0.0004660879   2523129
532   0.0000605531   -0.0000031709   2522962
533   0.0000606085   -0.0010476388   2522816
534   0.0000605674   0.0000543075   2522673
535   0.0000605399   -0.0008321028   2522525
536   0.0000604698   0.0009051012   2522370
537   0.0000607523   0.0000043612   2522218
538   0.0000606532   0.0000237902   2522049
539   0.0000608283   -0.0000055514   2521894
540   0.0000610664   -0.0009596602   2521726
541   0.0000611197   -0.0004243390   2521569
542   0.0000611502   -0.0004513353   2521407
543   0.0000608387   -0.0004057506   2521253
544   0.0000608067   -0.0001503310   2521104
545   0.0000606807   0.0001896114   2520945
546   0.0000608741   -0.0000765633   2520790
547   0.0000607822   -0.0007029961   2520640
548   0.0000608304   -0.0005967108   2520484
549   0.0000607830   0.0001309350   2520335
550   0.0000608974   0.0001710197   2520178
551   0.0000609508   0.0001214271   2520030
552   0.0000611680   -0.0000246044   2519870
553   0.0000611701   -0.0008810499   2519721
554   0.0000609781   -0.0005266757   2519577
555   0.0000609230   -0.0006279208   2519426
556   0.0000608705   -0.0000412819   2519262
557   0.0000608323   -0.0003941878   2519104
558   0.0000606994   -0.0008221689   2518947
559   0.0000607658   -0.0007420250   2518783
560   0.0000608288   -0.0013360560   2518607
561   0.0000609024   -0.0000786201   2518440
562   0.0000610570   -0.0002827329   2518278
563   0.0000610961   -0.0010245751   2518117
564   0.0000607750   0.0000691037   2517955
565   0.0000607929   -0.0003093975   2517797
566   0.0000607022   -0.0002097211   2517629
567   0.0000606163   -0.0008361559   2517473
568   0.0000604811   -0.0007067104   2517297
569   0.0000604752   -0.0003925107   2517129
570   0.0000606065   -0.0007203105   2516970
571   0.0000604647   -0.0007183740   2516795
572   0.0000603660   -0.0002646410   2516617
573   0.0000604912   0.0000302013   2516448
574   0.0000606110   -0.0010595014   2516278
575   0.0000603729   -0.0009673678   2516106
576   0.0000603261   -0.0009622684   2515930
577   0.0000601148   -0.0006650086   2515757
578   0.0000600240   -0.0007735781   2515583
579   0.0000598717   -0.0006845841   2515396
580   0.0000600168   0.0001033706   2515222
581   0.0000599864   -0.0004329939   2515047
582   0.0000600343   0.0006318408   2514874
583   0.0000602626   -0.0000501055   2514696
584   0.0000602456   -0.0002406033   2514512
585   0.0000602225   -0.0000855100   2514326
586   0.0000605567   -0.0000119324   2514162
587   0.0000606163   -0.0003345277   2513992
588   0.0000606167   -0.0006265387   2513811
589   0.0000604662   -0.0001094037   2513627
590   0.0000606430   0.0003222668   2513445
591   0.0000604982   -0.0007173947   2513261
592   0.0000603348   -0.0000549128   2513074
593   0.0000601590   -0.0012161325   2512884
594   0.0000602460   0.0000246747   2512691
595   0.0000600659   -0.0004195040   2512491
596   0.0000598696   -0.0010241571   2512310
597   0.0000598668   -0.0006806962   2512134
598   0.0000600764   0.0001548590   2511962
599   0.0000599933   -0.0001023173   2511795
600   0.0000599297   0.0014373090   2511638
601   0.0000600906   0.0005654059   2511470
602   0.0000600714   -0.0003340851   2511336
603   0.0000599604   0.0003711385   2511192
604   0.0000600544   -0.0005957672   2511048
605   0.0000600092   -0.0005380539   2510901
606   0.0000600666   -0.0005747278   2510754
607   0.0000598679   -0.0010853884   2510622
608   0.0000595831   -0.0015244127   2510475
609   0.0000593481   -0.0009249761   2510335
610   0.0000594699   -0.0005075299   2510197
611   0.0000593439   0.0003103525   2510049
612   0.0000594356   0.0005892644   2509909
613   0.0000597034   -0.0002952463   2509769
614   0.0000599497   -0.0001032030   2509617
615   0.0000596738   -0.0001574038   2509470
616   0.0000596440   0.0005746554   2509330
617   0.0000596395   -0.0005993976   2509186
618   0.0000596385   -0.0006719707   2509038
619   0.0000596326   -0.0003204606   2508889
620   0.0000596463   -0.0012021938   2508747
621   0.0000595594   -0.0004727740   2508598
622   0.0000595955   -0.0005943912   2508449
623   0.0000595435   -0.0004293745   2508300
624   0.0000595817   -0.0000570141   2508153
625   0.0000596729   -0.0005881154   2508011
626   0.0000595559   0.0000701793   2507862
627   0.0000597028   0.0004047524   2507706
628   0.0000596549   -0.0004171381   2507563
629   0.0000595081   -0.0005308243   2507421
630   0.0000596217   -0.0004873807   2507280
631   0.0000595558   0.0000123647   2507131
632   0.0000593913   -0.0003869199   2506979
633   0.0000591060   -0.0010714706   2506835
634   0.0000590784   -0.0004021207   2506710
635   0.0000588131   -0.0001160949   2506571
636   0.0000587650   -0.0003810185   2506440
637   0.0000588485   -0.0003934103   2506289
638   0.0000588309   0.0001608042   2506154
639   0.0000588675   0.0008268097   2506018
640   0.0000589258   -0.0000670426   2505868
641   0.0000589117   -0.0000279360   2505731
642   0.0000587168   0.0001911733   2505580
643   0.0000588478   -0.0001963728   2505439
644   0.0000588260   -0.0004410653   2505298
645   0.0000588879   0.0003337132   2505145
646   0.0000589564   0.0001441116   2505003
647   0.0000590145   -0.0005561200   2504855
648   0.0000589862   0.0004511513   2504703
649   0.0000589530   -0.0004380009   2504561
650   0.0000586622   -0.0005709935   2504407
651   0.0000582674   -0.0001445545   2504245
652   0.0000579182   -0.0001333808   2504108
653   0.0000577423   -0.0000802725   2503971
654   0.0000578122   0.0000914600   2503827
655   0.0000577174   -0.0003387018   2503677
656   0.0000575366   0.0005775877   2503516
657   0.0000576822   -0.0005524564   2503365
658   0.0000578108   -0.0008864586   2503219
659   0.0000576279   0.0000087892   2503075
660   0.0000575462   -0.0000731145   2502925
661   0.0000573343   0.0006968260   2502777
662   0.0000572456   0.0006309358   2502632
663   0.0000573124   -0.0006885131   2502494
664   0.0000571784   -0.0008036459   2502346
665   0.0000571319   0.0004360139   2502214
666   0.0000570694   0.0002909587   2502073
667   0.0000571847   0.0003725123   2501931
668   0.0000575205   -0.0005703911   2501792
669   0.0000572028   0.0001746845   2501653
670   0.0000573786   -0.0003405948   2501506
671   0.0000574030   -0.0003162282   2501358
672   0.0000573068   -0.0000355826   2501222
673   0.0000571965   -0.0009072074   2501082
674   0.0000571717   -0.0001551419   2500937
675   0.0000571220   0.0000595810   2500799
676   0.0000571799   -0.0008085894   2500651
677   0.0000569500   0.0003707250   2500506
678   0.0000571602   -0.0002771601   2500360
679   0.0000569334   -0.0000331970   2500228
680   0.0000568203   -0.0005843794   2500088
681   0.0000567809   0.0001316027   2499949
682   0.0000569151   0.0002436172   2499824
683   0.0000570157   -0.0000028003   2499702
684   0.0000570114   -0.0004064693   2499574
685   0.0000568258   -0.0000936213   2499430
686   0.0000568832   -0.0004721335   2499293
687   0.0000568237   0.0003793291   2499149
688   0.0000568910   0.0001368539   2499015
689   0.0000571406   -0.0000560254   2498867
690   0.0000571137   0.0000268136   2498732
691   0.0000570276   -0.0004114340   2498578
692   0.0000569979   -0.0003354089   2498443
693   0.0000568913   0.0001164785   2498316
694   0.0000569762   0.0001160842   2498186
695   0.0000572075   0.0002894256   2498051
696   0.0000571600   -0.0003538953   2497914
697   0.0000570486   0.0001653471   2497776
698   0.0000569492   -0.0002402273   2497635
699   0.0000567622   -0.0005201193   2497504
700   0.0000566296   -0.0005273571   2497359
701   0.0000565393   -0.0007260108   2497208
702   0.0000565721   -0.0003255824   2497064
703   0.0000564550   -0.0007012609   2496931
704   0.0000563044   -0.0008659094   2496797
705   0.0000563184   -0.0011327183   2496649
706   0.0000563070   -0.0002767868   2496506
707   0.0000564906   -0.0009009114   2496361
708   0.0000563052   0.0000344522   2496209
709   0.0000562913   -0.0000380597   2496079
710   0.0000562110   -0.0002395886   2495945
711   0.0000560020   -0.0008101581   2495809
712   0.0000559366   -0.0004435681   2495671
713   0.0000561088   -0.0010651010   2495538
714   0.0000559950   0.0004432153   2495401
715   0.0000560954   -0.0012155031   2495263
716   0.0000557029   -0.0003234295   2495134
717   0.0000556036   -0.0009342697   2494997
718   0.0000555085   -0.0004437133   2494854
719   0.0000554432   -0.0002866068   2494707
720   0.0000556422   -0.0001992329   2494568
721   0.0000556990   0.0000292652   2494430
722   0.0000557787   -0.0007144329   2494286
723   0.0000554725   0.0000930182   2494136
724   0.0000553615   0.0001303133   2493990
725   0.0000555589   0.0001098705   2493845
726   0.0000558113   -0.0001479727   2493704
727   0.0000556891   -0.0003761680   2493567
728   0.0000553048   0.0003015923   2493432
729   0.0000552837   -0.0003132410   2493288
730   0.0000553056   0.0002988198   2493141
731   0.0000552968   0.0000429203   2492993
732   0.0000554296   -0.0005828679   2492846
733   0.0000554001   0.0003562405   2492698
734   0.0000553919   0.0000633884   2492570
735   0.0000553338   -0.0009264018   2492439
736   0.0000550528   0.0004497868   2492292
737   0.0000552524   0.0002315269   2492151
738   0.0000551146   0.0001805763   2492022
739   0.0000549935   -0.0006693757   2491874
740   0.0000548456   -0.0003949046   2491741
741   0.0000545536   -0.0004378695   2491610
742   0.0000546209   0.0003339397   2491468
743   0.0000543919   -0.0002649178   2491339
744   0.0000544140   0.0001665855   2491213
745   0.0000543825   -0.0007057183   2491079
746   0.0000540716   -0.0002432820   2490936
747   0.0000539849   0.0002192062   2490806
748   0.0000538601   -0.0004834054   2490663
749   0.0000539130   0.0000168640   2490509
750   0.0000540896   -0.0002830909   2490366
751   0.0000538761   -0.0010248062   2490227
752   0.0000534650   0.0001574236   2490097
753   0.0000536153   -0.0005574371   2489967
754   0.0000535100   -0.0007213384   2489816
755   0.0000531579   -0.0004679324   2489676
756   0.0000529570   -0.0004683600   2489538
757   0.0000526859   -0.0009652921   2489402
758   0.0000525263   0.0002924575   2489251
759   0.0000526948   0.0006295430   2489107
760   0.0000529068   -0.0002711974   2488962
761   0.0000528762   0.0001655394   2488833
762   0.0000531367   0.0011049995   2488689
763   0.0000532801   0.0009591939   2488548
764   0.0000534754   0.0005810928   2488415
765   0.0000535962   0.0000578716   2488265
766   0.0000535751   -0.0004095452   2488126
767   0.0000535630   0.0003741984   2487985
768   0.0000537905   -0.0002741314   2487858
769   0.0000535538   -0.0006286884   2487719
770   0.0000533239   0.0000988913   2487581
771   0.0000535612   -0.0000144726   2487452
772   0.0000536120   -0.0000345754   2487316
773   0.0000536168   -0.0009022244   2487186
774   0.0000533931   -0.0009312245   2487048
775   0.0000533754   -0.0009457478   2486921
776   0.0000534100   0.0003711623   2486783
777   0.0000535405   0.0000084451   2486644
778   0.0000534736   -0.0001789669   2486493
779   0.0000535133   -0.0004005859   2486358
780   0.0000536229   -0.0012629589   2486225
781   0.0000534861   -0.0014392083   2486089
782   0.0000533134   -0.0007634896   2485954
783   0.0000531235   -0.0006605469   2485819
784   0.0000531854   -0.0002747750   2485670
785   0.0000530675   -0.0006525748   2485539
786   0.0000531428   -0.0007978605   2485397
787   0.0000527062   -0.0008675152   2485259
788   0.0000524696   -0.0007387979   2485118
789   0.0000524462   0.0003565414   2484985
790   0.0000526119   -0.0004000254   2484842
791   0.0000526365   -0.0004362701   2484699
792   0.0000527201   -0.0001666283   2484572
793   0.0000525510   -0.0002519686   2484437
794   0.0000525951   -0.0000519261   2484302
795   0.0000528138   0.0010381750   2484167
796   0.0000531388   0.0008317153   2484023
797   0.0000533665   0.0002169984   2483889
798   0.0000535944   0.0005705104   2483741
799   0.0000535949   0.0003354010   2483594
800   0.0000537804   0.0001707298   2483456
801   0.0000538636   -0.0011263148   2483320
802   0.0000537925   -0.0001244369   2483187
803   0.0000537095   -0.0006604775   2483052
804   0.0000534803   -0.0000128881   2482916
805   0.0000533926   0.0004571477   2482786
806   0.0000534701   -0.0008172696   2482657
807   0.0000532521   -0.0005292992   2482528
808   0.0000530868   0.0001583145   2482400
809   0.0000531337   -0.0001857173   2482268
810   0.0000531279   -0.0001349642   2482139
811   0.0000532402   -0.0000576147   2482006
812   0.0000531352   -0.0003541680   2481873
813   0.0000530408   0.0000201471   2481743
814   0.0000529837   0.0003654896   2481603
815   0.0000530198   0.0000870451   2481471
816   0.0000530252   0.0000060451   2481330
817   0.0000529552   0.0000483635   2481208
818   0.0000528947   0.0000415143   2481070
819   0.0000528207   -0.0004720006   2480929
820   0.0000526596   0.0000092713   2480779
821   0.0000524894   -0.0003374158   2480619
822   0.0000523894   0.0000705510   2480474
823   0.0000524883   -0.0008559317   2480338
824   0.0000522328   -0.0004733487   2480201
825   0.0000520819   -0.0001379001   2480056
826   0.0000521841   0.0000629055   2479911
827   0.0000521272   -0.0002096955   2479786
828   0.0000520778   0.0007448647   2479645
829   0.0000521654   0.0002210113   2479511
830   0.0000520887   -0.0003638021   2479370
831   0.0000521154   -0.0003771317   2479240
832   0.0000518490   0.0002133829   2479111
833   0.0000518653   -0.0004756009   2478969
834   0.0000517330   0.0003203128   2478827
835   0.0000516335   0.0004119103   2478695
836   0.0000516507   -0.0007790805   2478563
837   0.0000513631   -0.0002182841   2478421
838   0.0000510913   -0.0001186307   2478280
839   0.0000510207   -0.0000322822   2478147
840   0.0000510884   0.0000286521   2478006
841   0.0000511595   -0.0010997362   2477867
842   0.0000511626   0.0001263252   2477732
843   0.0000511444   -0.0001279463   2477601
844   0.0000512710   -0.0007947646   2477463
845   0.0000514212   0.0003003241   2477324
846   0.0000515141   -0.0000549008   2477193
847   0.0000518624   0.0002539305   2477056
848   0.0000521970   0.0003984802   2476911
849   0.0000524024   0.0006698210   2476781
850   0.0000526879   0.0012743030   2476648
851   0.0000527724   0.0008475610   2476518
852   0.0000529253   0.0008080346   2476379
853   0.0000529978   0.0001542660   2476242
854   0.0000529788   -0.0000698681   2476095
855   0.0000529059   0.0011090648   2475960
856   0.0000531803   0.0005064978   2475825
857   0.0000533578   -0.0003021375   2475694
858   0.0000531127   -0.0005764350   2475561
859   0.0000531456   -0.0000193906   2475427
860   0.0000528642   0.0002056316   2475300
861   0.0000531739   0.0000448454   2475173
862   0.0000534554   -0.0000084847   2475031
863   0.0000533782   0.0006662928   2474888
864   0.0000534599   0.0010356614   2474747
865   0.0000535443   0.0009379244   2474613
866   0.0000536263   0.0001656920   2474470
867   0.0000536089   0.0004995310   2474321
868   0.0000537610   0.0002214863   2474194
869   0.0000538184   0.0014534878   2474049
870   0.0000538712   0.0003888605   2473895
871   0.0000536621   0.0003715024   2473739
872   0.0000537066   -0.0008202646   2473592
873   0.0000536522   -0.0000933914   2473462
874   0.0000536551   -0.0009772239   2473333
875   0.0000534616   -0.0003004201   2473203
876   0.0000534387   0.0001851951   2473067
877   0.0000534951   -0.0002155332   2472937
878   0.0000533790   -0.0012233071   2472805
879   0.0000529866   -0.0006317102   2472653
880   0.0000526562   0.0007716842   2472514
881   0.0000527190   0.0002633093   2472378
882   0.0000526848   -0.0005565821   2472232
883   0.0000523369   -0.0007317713   2472084
884   0.0000523313   -0.0000825263   2471940
885   0.0000523348   -0.0003252682   2471806
886   0.0000524033   0.0002156441   2471665
887   0.0000526731   -0.0002864632   2471522
888   0.0000524268   -0.0002448016   2471389
889   0.0000523722   -0.0004265046   2471251
890   0.0000523622   -0.0000845775   2471107
891   0.0000521676   0.0000319713   2470970
892   0.0000523609   0.0003031357   2470841
893   0.0000524809   0.0001040189   2470704
894   0.0000525713   -0.0002805009   2470580
895   0.0000523264   -0.0008395259   2470442
896   0.0000522956   -0.0000469578   2470305
897   0.0000522650   -0.0001352139   2470160
898   0.0000524373   0.0010190275   2470002
899   0.0000526476   -0.0008093573   2469861
900   0.0000527060   -0.0004571378   2469715
901   0.0000525604   -0.0006499118   2469566
902   0.0000523464   -0.0005317012   2469432
903   0.0000522470   -0.0003745995   2469304
904   0.0000520547   0.0003940573   2469184
905   0.0000518825   -0.0003349451   2469061
906   0.0000518420   0.0004649774   2468937
907   0.0000516284   0.0001308333   2468790
908   0.0000514654   0.0005043238   2468652
909   0.0000515821   0.0006011707   2468517
910   0.0000515013   0.0008479249   2468379
911   0.0000516708   -0.0006295982   2468241
912   0.0000516895   -0.0000644217   2468113
913   0.0000517405   -0.0000587526   2467977
914   0.0000516684   -0.0003610443   2467841
915   0.0000516376   -0.0001333228   2467695
916   0.0000515721   -0.0010334116   2467555
917   0.0000512202   -0.0006658810   2467408
918   0.0000511992   0.0002780397   2467274
919   0.0000515585   0.0002200930   2467139
920   0.0000515507   0.0000397244   2466995
921   0.0000515394   0.0003251087   2466867
922   0.0000516214   0.0004171494   2466742
923   0.0000516375   0.0001037859   2466617
924   0.0000516281   0.0002988053   2466489
925   0.0000515122   -0.0010610796   2466356
926   0.0000512395   -0.0009654408   2466231
927   0.0000512257   -0.0006929942   2466110
928   0.0000510586   -0.0001277387   2465971
929   0.0000509383   0.0008062171   2465837
930   0.0000512002   0.0002701061   2465698
931   0.0000510498   0.0004169425   2465568
932   0.0000510837   0.0003074506   2465437
933   0.0000509563   -0.0003768309   2465297
934   0.0000507631   -0.0001298090   2465161
935   0.0000506166   0.0001107494   2465025
936   0.0000506232   -0.0006109796   2464894
937   0.0000504633   0.0002077276   2464766
938   0.0000505272   0.0001744679   2464637
939   0.0000504959   0.0000490972   2464499
940   0.0000503169   0.0002215582   2464364
941   0.0000501689   0.0001464967   2464220
942   0.0000503000   0.0009106866   2464075
943   0.0000503339   0.0010885010   2463939
944   0.0000506214   0.0003730000   2463807
945   0.0000505372   -0.0002289269   2463669
946   0.0000502057   -0.0002321869   2463533
947   0.0000503261   0.0002529027   2463398
948   0.0000504412   0.0001948637   2463260
949   0.0000502800   0.0001920329   2463120
950   0.0000504695   -0.0002293967   2462982
951   0.0000505134   0.0000669954   2462854
952   0.0000506591   0.0003171290   2462720
953   0.0000507085   -0.0004499341   2462583
954   0.0000507102   0.0003817326   2462457
955   0.0000508719   0.0000686345   2462317
956   0.0000509558   -0.0001263102   2462193
957   0.0000511253   0.0005507594   2462055
958   0.0000511789   0.0003399784   2461921
959   0.0000512922   0.0006848700   2461781
960   0.0000515693   0.0010009563   2461646
961   0.0000517234   -0.0006869764   2461511
962   0.0000515593   0.0003493965   2461387
963   0.0000515508   0.0002149305   2461261
964   0.0000516094   0.0004002204   2461144
965   0.0000517820   -0.0001426245   2461007
966   0.0000515763   -0.0006607425   2460868
967   0.0000514570   -0.0002633368   2460727
968   0.0000514744   -0.0009916260   2460605
969   0.0000517612   0.0000357657   2460458
970   0.0000517922   0.0003133725   2460331
971   0.0000519572   0.0000589384   2460196
972   0.0000520865   0.0000483726   2460069
973   0.0000522241   -0.0001556950   2459937
974   0.0000521403   -0.0007024953   2459803
975   0.0000520536   0.0005606423   2459679
976   0.0000522618   0.0000683053   2459546
977   0.0000523188   -0.0009347740   2459418
978   0.0000522789   0.0008144611   2459295
979   0.0000524187   0.0006180935   2459175
980   0.0000526304   0.0003814486   2459047
981   0.0000525165   0.0004876138   2458913
982   0.0000528080   0.0001277052   2458788
983   0.0000528974   -0.0004396713   2458655
984   0.0000528014   -0.0002033738   2458527
985   0.0000528672   0.0004893433   2458397
986   0.0000528933   0.0006289014   2458255
987   0.0000530499   0.0000988558   2458126
988   0.0000528190   -0.0002021967   2458002
989   0.0000529808   0.0000264456   2457872
990   0.0000530097   -0.0003739217   2457734
991   0.0000527518   -0.0002140301   2457598
992   0.0000528238   -0.0000598177   2457467
993   0.0000529079   -0.0008232516   2457329
994   0.0000527830   -0.0000439525   2457197
995   0.0000528227   -0.0004078046   2457059
996   0.0000527545   -0.0000390732   2456929
997   0.0000527465   -0.0009259994   2456805
998   0.0000524931   0.0000757124   2456665
999   0.0000525790   -0.0000280883   2456539
1000   0.0000525149   0.0005601680   2456406
