0   0.0000000000   0.0987076216   2601947
1   0.0000599137   0.0614061857   2601790
2   0.0000774714   0.0340243077   2601640
3   0.0000814544   0.0218170370   2601499
4   0.0000837594   0.0165982090   2601365
5   0.0000865824   0.0141672693   2601207
6   0.0000894803   0.0120528248   2601050
7   0.0000919343   0.0107196808   2600917
8   0.0000940646   0.0094641020   2600775
9   0.0000964440   0.0083979942   2600621
10   0.0000980555   0.0076155259   2600477
11   0.0000995851   0.0060876982   2600326
12   0.0001005538   0.0062645735   2600177
13   0.0001016548   0.0060730139   2600027
14   0.0001024240   0.0048182845   2599888
15   0.0001031636   0.0055721085   2599734
16   0.0001041109   0.0043218453   2599584
17   0.0001048020   0.0041478101   2599444
18   0.0001050537   0.0040730134   2599304
19   0.0001056429   0.0037908357   2599163
20   0.0001063683   0.0037991374   2599011
21   0.0001067420   0.0038551548   2598858
22   0.0001072580   0.0033582085   2598707
23   0.0001076347   0.0027053455   2598559
24   0.0001078482   0.0033162473   2598419
25   0.0001084517   0.0020875421   2598271
26   0.0001088935   0.0027404431   2598120
27   0.0001091911   0.0022617546   2597983
28   0.0001093660   0.0020655590   2597844
29   0.0001096379   0.0018439481   2597687
30   0.0001094244   0.0016889148   2597526
31   0.0001096781   0.0019585181   2597372
32   0.0001098967   0.0018400330   2597236
33   0.0001102591   0.0016549266   2597094
34   0.0001098832   0.0023161768   2596952
35   0.0001102721   0.0017810341   2596806
36   0.0001103586   0.0016729176   2596661
37   0.0001102309   0.0020750843   2596521
38   0.0001099818   0.0018098345   2596370
39   0.0001100605   0.0013307819   2596218
40   0.0001099645   0.0013747677   2596075
41   0.0001098034   0.0010427842   2595935
42   0.0001100982   0.0022883181   2595793
43   0.0001104077   0.0025708318   2595658
44   0.0001105539   0.0018820891   2595520
45   0.0001103588   0.0017612207   2595359
46   0.0001104005   0.0014754139   2595204
47   0.0001103856   0.0012631693   2595060
48   0.0001104866   0.0016516938   2594912
49   0.0001104510   0.0009993233   2594756
50   0.0001104294   0.0010922665   2594605
51   0.0001104186   0.0013582825   2594453
52   0.0001106898   0.0015002103   2594303
53   0.0001104045   0.0009452051   2594146
54   0.0001102691   0.0011792671   2593984
55   0.0001103154   0.0014168260   2593826
56   0.0001105175   0.0015036649   2593663
57   0.0001108320   0.0012269068   2593514
58   0.0001108591   0.0008398394   2593353
59   0.0001106953   0.0012586765   2593200
60   0.0001105227   0.0013505316   2593053
61   0.0001101147   0.0008723856   2592890
62   0.0001097980   0.0005985950   2592738
63   0.0001099520   0.0007563894   2592580
64   0.0001098461   0.0003946095   2592436
65   0.0001096800   0.0004420820   2592279
66   0.0001093103   0.0006974943   2592136
67   0.0001087897   0.0002260805   2591997
68   0.0001087652   0.0006443282   2591847
69   0.0001088354   -0.0000381989   2591700
70   0.0001086459   -0.0002612341   2591545
71   0.0001084302   0.0009566272   2591396
72   0.0001082244   0.0005202117   2591253
73   0.0001081091   0.0009544194   2591104
74   0.0001079320   0.0006028672   2590952
75   0.0001077302   0.0004095270   2590794
76   0.0001077048   0.0005234202   2590653
77   0.0001077061   0.0012063262   2590510
78   0.0001081779   0.0005126681   2590370
79   0.0001083155   0.0004891454   2590232
80   0.0001086356   0.0009879905   2590106
81   0.0001089136   0.0002305050   2589966
82   0.0001089840   0.0009826892   2589832
83   0.0001086419   0.0004950394   2589693
84   0.0001084219   0.0000660348   2589544
85   0.0001086211   0.0004877582   2589398
86   0.0001088033   -0.0001622093   2589248
87   0.0001084255   -0.0001031245   2589103
88   0.0001079331   0.0005032913   2588958
89   0.0001079541   0.0004708718   2588815
90   0.0001083665   0.0006571003   2588646
91   0.0001085929   0.0003917340   2588491
92   0.0001086000   0.0011173124   2588354
93   0.0001087984   0.0011896248   2588211
94   0.0001087306   0.0003203145   2588081
95   0.0001084358   -0.0002940566   2587937
96   0.0001081202   0.0006855273   2587789
97   0.0001081719   0.0003323472   2587655
98   0.0001082256   0.0004266644   2587514
99   0.0001084336   0.0006871835   2587373
100   0.0001083156   0.0007938999   2587228
101   0.0001081912   0.0006528586   2587084
102   0.0001077772   0.0001182867   2586936
103   0.0001076096   0.0005114467   2586780
104   0.0001079109   0.0004117328   2586629
105   0.0001081829   0.0006425739   2586473
106   0.0001083138   0.0000989824   2586318
107   0.0001085631   0.0004887542   2586167
108   0.0001085799   0.0000050270   2586010
109   0.0001082487   0.0003484348   2585850
110   0.0001080776   -0.0005356398   2585693
111   0.0001080564   -0.0000216590   2585531
112   0.0001078111   0.0009545963   2585386
113   0.0001080095   0.0005488895   2585220
114   0.0001084522   0.0000796886   2585061
115   0.0001083808   0.0001237957   2584904
116   0.0001080215   -0.0005191987   2584752
117   0.0001077661   0.0004712512   2584609
118   0.0001076857   0.0003002573   2584450
119   0.0001077151   0.0002128242   2584293
120   0.0001077482   0.0004666932   2584139
121   0.0001078848   0.0011002343   2583995
122   0.0001083151   0.0002391774   2583856
123   0.0001082625   0.0002039698   2583716
124   0.0001083424   0.0000282555   2583572
125   0.0001081176   -0.0002686344   2583437
126   0.0001078175   0.0001041307   2583293
127   0.0001081953   0.0009716830   2583147
128   0.0001081996   0.0010538114   2583005
129   0.0001086350   0.0007096757   2582870
130   0.0001084281   0.0006040148   2582718
131   0.0001085026   0.0002853752   2582565
132   0.0001085013   -0.0001595403   2582419
133   0.0001084587   -0.0002106670   2582275
134   0.0001081653   0.0000108438   2582125
135   0.0001080601   -0.0000639046   2581974
136   0.0001080984   0.0004326419   2581812
137   0.0001085252   0.0006588764   2581668
138   0.0001085939   0.0001991069   2581528
139   0.0001085435   0.0000949101   2581389
140   0.0001085038   0.0001956419   2581246
141   0.0001086108   -0.0000414552   2581100
142   0.0001087088   0.0004568068   2580960
143   0.0001087949   -0.0005052658   2580820
144   0.0001086707   -0.0002216468   2580683
145   0.0001085917   0.0002654472   2580551
146   0.0001086245   0.0000476669   2580409
147   0.0001085050   0.0001856398   2580265
148   0.0001083562   0.0006088876   2580115
149   0.0001084567   0.0000767458   2579946
150   0.0001083459   0.0004027460   2579790
151   0.0001086466   -0.0001112558   2579641
152   0.0001089549   0.0004291533   2579498
153   0.0001086501   -0.0001585665   2579359
154   0.0001081990   0.0000899502   2579206
155   0.0001080168   0.0001477289   2579049
156   0.0001084239   0.0009825895   2578900
157   0.0001085324   0.0005537543   2578761
158   0.0001086098   0.0002284175   2578612
159   0.0001089425   0.0004014004   2578473
160   0.0001092567   -0.0003727226   2578325
161   0.0001092398   -0.0000566292   2578176
162   0.0001091840   0.0005155115   2578022
163   0.0001090262   0.0005830381   2577876
164   0.0001092154   0.0000643977   2577732
165   0.0001094560   0.0003425683   2577588
166   0.0001096527   0.0008834344   2577441
167   0.0001098889   0.0007558274   2577308
168   0.0001104292   0.0007294835   2577166
169   0.0001106801   0.0007788062   2577021
170   0.0001105015   0.0003558571   2576877
171   0.0001105759   -0.0000093141   2576726
172   0.0001108359   0.0002794395   2576586
173   0.0001110253   0.0001995000   2576441
174   0.0001109146   0.0004063980   2576292
175   0.0001109101   0.0006404921   2576144
176   0.0001107838   0.0002430120   2576005
177   0.0001109932   -0.0001820750   2575862
178   0.0001106335   0.0003696070   2575709
179   0.0001107409   0.0001118208   2575549
180   0.0001108402   -0.0000815411   2575389
181   0.0001109893   0.0002120191   2575240
182   0.0001109391   0.0002232926   2575097
183   0.0001109114   0.0000046603   2574956
184   0.0001111969   0.0007328685   2574814
185   0.0001112456   0.0005336633   2574657
186   0.0001116408   0.0006238085   2574508
187   0.0001118180   0.0005826675   2574367
188   0.0001119386   0.0001064398   2574224
189   0.0001115670   0.0002008484   2574081
190   0.0001115241   0.0001534609   2573945
191   0.0001114593   0.0002766330   2573807
192   0.0001111013   0.0003936020   2573666
193   0.0001110468   0.0001014169   2573535
194   0.0001109957   -0.0004375562   2573384
195   0.0001106924   -0.0003279908   2573243
196   0.0001101799   -0.0002825385   2573101
197   0.0001097720   0.0006467252   2572963
198   0.0001097870   0.0009732561   2572807
199   0.0001098089   -0.0002176739   2572656
200   0.0001094474   -0.0003160327   2572519
201   0.0001094964   0.0000303223   2572368
202   0.0001097588   -0.0003110151   2572222
203   0.0001096232   -0.0000711488   2572076
204   0.0001099001   -0.0000672645   2571937
205   0.0001098939   -0.0001030409   2571794
206   0.0001097445   0.0000715494   2571649
207   0.0001093559   -0.0001668277   2571515
208   0.0001093109   0.0002387841   2571360
209   0.0001091342   -0.0000171126   2571206
210   0.0001089190   0.0004982392   2571054
211   0.0001089656   0.0001948727   2570909
212   0.0001092228   -0.0003917125   2570763
213   0.0001087642   0.0004384150   2570624
214   0.0001086613   0.0002976085   2570491
215   0.0001083375   0.0004213439   2570347
216   0.0001083447   -0.0001575750   2570205
217   0.0001086914   -0.0000867685   2570056
218   0.0001088288   -0.0001038948   2569907
219   0.0001090111   -0.0002276481   2569756
220   0.0001088459   -0.0009044181   2569608
221   0.0001086613   -0.0000548754   2569458
222   0.0001086213   0.0002160119   2569303
223   0.0001083446   0.0002374328   2569148
224   0.0001083191   -0.0000070066   2569011
225   0.0001076347   -0.0007812780   2568868
226   0.0001073890   -0.0000124576   2568718
227   0.0001073428   0.0005337615   2568563
228   0.0001073910   0.0001432796   2568404
229   0.0001072561   -0.0001744381   2568246
230   0.0001069557   0.0001207118   2568100
231   0.0001068728   0.0002819374   2567946
232   0.0001064728   -0.0001215055   2567784
233   0.0001067812   0.0004654094   2567632
234   0.0001068158   0.0009791710   2567478
235   0.0001066824   -0.0001585303   2567333
236   0.0001067051   0.0008460649   2567179
237   0.0001066308   0.0004659077   2567032
238   0.0001064488   0.0004160701   2566875
239   0.0001063220   0.0000623367   2566706
240   0.0001061026   0.0005676892   2566545
241   0.0001061371   -0.0000070137   2566392
242   0.0001059360   -0.0004372133   2566253
243   0.0001053888   -0.0002836982   2566107
244   0.0001051738   0.0002501989   2565959
245   0.0001049981   0.0004076669   2565820
246   0.0001048404   0.0009373741   2565678
247   0.0001047069   0.0007074551   2565534
248   0.0001044988   0.0002997600   2565386
249   0.0001043640   0.0002015400   2565247
250   0.0001042771   -0.0005056331   2565101
251   0.0001042017   0.0001957158   2564944
252   0.0001043802   0.0000241734   2564803
253   0.0001044892   0.0003220709   2564653
254   0.0001045793   -0.0003657629   2564503
255   0.0001044554   0.0005354179   2564352
256   0.0001045097   0.0008891693   2564191
257   0.0001044810   0.0005269059   2564025
258   0.0001042620   0.0002348018   2563864
259   0.0001040672   0.0003842097   2563704
260   0.0001042278   -0.0001704675   2563538
261   0.0001042789   0.0001338075   2563384
262   0.0001044787   0.0001107981   2563222
263   0.0001042503   -0.0003979584   2563082
264   0.0001040280   0.0000628189   2562923
265   0.0001041330   -0.0000850645   2562761
266   0.0001042833   -0.0007909880   2562618
267   0.0001040502   0.0003192242   2562462
268   0.0001037862   0.0002907549   2562296
269   0.0001033302   0.0006190121   2562147
270   0.0001033824   -0.0000156129   2561989
271   0.0001033598   0.0002826104   2561831
272   0.0001033488   0.0004094972   2561678
273   0.0001033210   0.0000710516   2561519
274   0.0001029459   -0.0001909129   2561377
275   0.0001026968   0.0001838967   2561220
276   0.0001024037   0.0001518891   2561079
277   0.0001024870   0.0004014189   2560916
278   0.0001026846   0.0003213875   2560772
279   0.0001029668   0.0004510639   2560613
280   0.0001031548   0.0002858865   2560457
281   0.0001029983   -0.0002218474   2560319
282   0.0001026349   0.0005616821   2560167
283   0.0001026940   -0.0002949212   2560006
284   0.0001029096   -0.0004191637   2559859
285   0.0001027733   0.0001285304   2559705
286   0.0001028388   -0.0000625105   2559568
287   0.0001028855   -0.0000261778   2559419
288   0.0001025885   -0.0000414180   2559273
289   0.0001024869   -0.0001183997   2559129
290   0.0001022984   0.0001907011   2558978
291   0.0001019573   -0.0002630113   2558825
292   0.0001018500   0.0004525798   2558665
293   0.0001020520   0.0003177623   2558516
294   0.0001019823   0.0003678140   2558358
295   0.0001018826   -0.0000211086   2558193
296   0.0001019281   0.0003287677   2558037
297   0.0001022588   -0.0000089918   2557884
298   0.0001021304   0.0001970504   2557721
299   0.0001019988   -0.0001231642   2557561
300   0.0001020392   -0.0006882019   2557389
301   0.0001019242   0.0002131231   2557208
302   0.0001021494   0.0000375431   2557059
303   0.0001021645   0.0002428717   2556906
304   0.0001020819   0.0000610146   2556764
305   0.0001019592   -0.0001349435   2556626
306   0.0001019218   0.0005405871   2556480
307   0.0001016743   0.0001924642   2556320
308   0.0001015571   0.0001091481   2556160
309   0.0001018269   0.0000528165   2556019
310   0.0001018013   0.0002464922   2555862
311   0.0001018156   0.0005888770   2555712
312   0.0001018841   -0.0003815209   2555561
313   0.0001017038   -0.0001733574   2555415
314   0.0001017632   -0.0001197523   2555274
315   0.0001015746   -0.0008574933   2555122
316   0.0001014916   -0.0001996106   2554974
317   0.0001020059   0.0002015792   2554827
318   0.0001018384   0.0002806614   2554680
319   0.0001018487   0.0002849853   2554518
320   0.0001019731   0.0001221436   2554371
321   0.0001021579   0.0000191839   2554223
322   0.0001021081   -0.0000826129   2554079
323   0.0001020914   -0.0000462033   2553929
324   0.0001019200   -0.0000317176   2553784
325   0.0001017866   0.0000274119   2553633
326   0.0001019192   0.0000129235   2553481
327   0.0001018183   0.0001026110   2553333
328   0.0001019402   0.0003478007   2553186
329   0.0001021413   -0.0003638826   2553021
330   0.0001022611   -0.0003294356   2552851
331   0.0001021883   -0.0003737219   2552700
332   0.0001024711   -0.0001813872   2552551
333   0.0001024221   -0.0003251831   2552408
334   0.0001023521   -0.0001637758   2552269
335   0.0001028178   0.0004055458   2552116
336   0.0001030596   0.0000701421   2551963
337   0.0001031893   -0.0003385825   2551815
338   0.0001027527   -0.0004275641   2551664
339   0.0001026359   0.0001407008   2551513
340   0.0001026384   0.0000834843   2551378
341   0.0001027744   -0.0003159255   2551234
342   0.0001026295   -0.0002108907   2551084
343   0.0001031117   0.0000486097   2550932
344   0.0001031033   -0.0002940287   2550771
345   0.0001026572   -0.0004124500   2550612
346   0.0001024124   -0.0002176074   2550465
347   0.0001021877   0.0000305843   2550329
348   0.0001024415   -0.0002486088   2550191
349   0.0001026270   0.0000419601   2550039
350   0.0001029275   0.0001882448   2549871
351   0.0001028435   0.0008691191   2549708
352   0.0001032495   0.0010899980   2549546
353   0.0001035561   0.0008194127   2549387
354   0.0001037304   0.0002224206   2549224
355   0.0001036242   -0.0000686522   2549079
356   0.0001037752   0.0001969462   2548920
357   0.0001035670   -0.0001753788   2548768
358   0.0001034555   -0.0005705089   2548602
359   0.0001033397   -0.0004504711   2548443
360   0.0001034291   -0.0007098923   2548274
361   0.0001036474   -0.0008029506   2548102
362   0.0001034848   -0.0004191615   2547944
363   0.0001034607   -0.0000443521   2547792
364   0.0001034961   -0.0000039252   2547656
365   0.0001034589   -0.0003462214   2547503
366   0.0001032852   -0.0001326871   2547347
367   0.0001033337   -0.0000003926   2547202
368   0.0001032938   0.0001052194   2547058
369   0.0001031462   0.0006753252   2546921
370   0.0001029929   0.0001566689   2546772
371   0.0001033033   0.0001119126   2546630
372   0.0001036336   -0.0001244858   2546476
373   0.0001036213   0.0004021477   2546328
374   0.0001040064   0.0005034988   2546183
375   0.0001038778   0.0007926043   2546037
376   0.0001041400   0.0007282354   2545880
377   0.0001040297   0.0006477511   2545731
378   0.0001036675   0.0007416798   2545573
379   0.0001037256   0.0007923983   2545437
380   0.0001038011   0.0001771898   2545293
381   0.0001042408   0.0003744384   2545145
382   0.0001043279   0.0008161078   2545007
383   0.0001047458   0.0005882448   2544859
384   0.0001048285   0.0011227168   2544720
385   0.0001049953   0.0001127888   2544579
386   0.0001047597   -0.0000243670   2544423
387   0.0001048705   0.0002845601   2544278
388   0.0001045118   -0.0002853628   2544130
389   0.0001043375   0.0001709916   2543984
390   0.0001046366   -0.0001906572   2543833
391   0.0001046194   -0.0005503841   2543678
392   0.0001042874   -0.0002213455   2543535
393   0.0001039999   0.0007600108   2543385
394   0.0001047261   0.0005508723   2543239
395   0.0001051914   0.0000051119   2543104
396   0.0001054285   -0.0004758229   2542963
397   0.0001053542   -0.0000090451   2542822
398   0.0001052882   0.0004507064   2542675
399   0.0001052377   -0.0000908545   2542527
400   0.0001052602   -0.0003669791   2542379
401   0.0001051567   -0.0001915636   2542237
402   0.0001051388   0.0004862122   2542100
403   0.0001050291   0.0002954417   2541957
404   0.0001048239   -0.0001845144   2541807
405   0.0001050812   -0.0006676736   2541661
406   0.0001044957   0.0000129843   2541526
407   0.0001042366   0.0003112466   2541393
408   0.0001041588   0.0002967052   2541243
409   0.0001042828   0.0003132504   2541098
410   0.0001039961   0.0008418065   2540964
411   0.0001040897   0.0006305061   2540816
412   0.0001039930   0.0001901066   2540680
413   0.0001038424   0.0003255215   2540539
414   0.0001038029   0.0006762717   2540399
415   0.0001039272   -0.0000633797   2540247
416   0.0001039467   0.0000192906   2540103
417   0.0001036123   -0.0004322911   2539955
418   0.0001030450   0.0002740382   2539792
419   0.0001030027   -0.0000681199   2539639
420   0.0001025004   0.0002173669   2539485
421   0.0001024730   0.0001208981   2539329
422   0.0001028063   0.0000964877   2539183
423   0.0001025251   0.0001626599   2539040
424   0.0001029241   -0.0002363232   2538896
425   0.0001029394   -0.0002111276   2538749
426   0.0001026899   0.0001532334   2538611
427   0.0001027058   0.0000791815   2538472
428   0.0001026136   -0.0000523970   2538315
429   0.0001027127   0.0001867487   2538170
430   0.0001025956   0.0000287626   2538018
431   0.0001027138   0.0002840968   2537867
432   0.0001026593   -0.0002545587   2537725
433   0.0001025838   0.0001903392   2537575
434   0.0001028419   0.0004433613   2537434
435   0.0001027883   -0.0001355778   2537288
436   0.0001021748   -0.0000792231   2537140
437   0.0001018248   0.0003791889   2536994
438   0.0001023232   0.0001789617   2536855
439   0.0001024705   -0.0001095902   2536723
440   0.0001020939   -0.0002763565   2536579
441   0.0001021836   0.0003658671   2536440
442   0.0001020453   0.0006150721   2536288
443   0.0001021349   -0.0003816824   2536140
444   0.0001022557   0.0002961353   2536003
445   0.0001025567   0.0001691731   2535864
446   0.0001024369   -0.0000970140   2535716
447   0.0001025662   0.0002583245   2535571
448   0.0001025999   0.0002015444   2535422
449   0.0001027219   0.0007687502   2535284
450   0.0001029306   0.0006638708   2535132
451   0.0001030966   0.0007538506   2534985
452   0.0001032468   0.0000035505   2534848
453   0.0001030536   0.0000453699   2534720
454   0.0001032588   0.0001826733   2534579
455   0.0001030643   0.0001838676   2534432
456   0.0001029148   0.0001609928   2534275
457   0.0001029796   -0.0000003946   2534141
458   0.0001030613   0.0006085248   2533997
459   0.0001031867   0.0003003322   2533861
460   0.0001030035   0.0001045893   2533721
461   0.0001027470   -0.0001784039   2533577
462   0.0001026494   0.0000809177   2533439
463   0.0001026852   0.0005751396   2533298
464   0.0001029985   0.0003059437   2533146
465   0.0001028150   0.0008397184   2532992
466   0.0001028974   0.0006680230   2532847
467   0.0001027447   0.0002862561   2532697
468   0.0001030410   0.0000864743   2532544
469   0.0001032757   0.0004146266   2532399
470   0.0001031756   -0.0004584832   2532263
471   0.0001029482   -0.0005414470   2532104
472   0.0001030059   -0.0013021564   2531954
473   0.0001024246   -0.0006209019   2531801
474   0.0001022963   -0.0003752493   2531650
475   0.0001022840   -0.0003488070   2531486
476   0.0001024400   0.0005009197   2531344
477   0.0001025299   0.0012397331   2531190
478   0.0001027643   0.0004089256   2531023
479   0.0001029906   -0.0001015456   2530883
480   0.0001025802   -0.0000604570   2530726
481   0.0001022634   -0.0007014230   2530570
482   0.0001020546   0.0000782478   2530424
483   0.0001019281   -0.0000719289   2530275
484   0.0001019215   0.0005904823   2530135
485   0.0001014645   -0.0002719375   2529993
486   0.0001013917   0.0005363959   2529848
487   0.0001014271   0.0002771070   2529709
488   0.0001012053   -0.0003016332   2529562
489   0.0001012205   0.0002889997   2529414
490   0.0001009893   -0.0000185826   2529252
491   0.0001007826   0.0007215986   2529107
492   0.0001010307   0.0000933194   2528950
493   0.0001012817   -0.0003618320   2528798
494   0.0001010873   -0.0003626452   2528642
495   0.0001010880   0.0001407952   2528495
496   0.0001011957   0.0002982196   2528338
497   0.0001014105   0.0004979847   2528190
498   0.0001014185   0.0004972245   2528033
499   0.0001014175   0.0001348953   2527886
500   0.0001017120   0.0001523105   2527732
501   0.0001016598   -0.0003639837   2527586
502   0.0001015889   -0.0001693418   2527433
503   0.0001014330   -0.0000514383   2527300
504   0.0001015706   -0.0002599766   2527151
505   0.0001009862   -0.0003423034   2526998
506   0.0001007614   0.0000007915   2526848
507   0.0001008553   0.0001927414   2526702
508   0.0001008915   -0.0006035880   2526558
509   0.0001011236   -0.0003673185   2526418
510   0.0001012196   -0.0000443339   2526282
511   0.0001013676   -0.0004457395   2526139
512   0.0001008523   -0.0004746643   2525996
513   0.0001006669   -0.0004192638   2525856
514   0.0001004494   -0.0000542422   2525710
515   0.0001005442   0.0001595688   2525556
516   0.0001010657   0.0001651214   2525415
517   0.0001011899   0.0000459358   2525262
518   0.0001016072   -0.0001730617   2525111
519   0.0001017303   0.0004554535   2524956
520   0.0001018852   0.0006404422   2524818
521   0.0001018988   0.0000344601   2524657
522   0.0001023317   0.0005751611   2524510
523   0.0001029590   0.0006738371   2524349
524   0.0001031661   0.0005490862   2524194
525   0.0001038422   -0.0002876337   2524044
526   0.0001036993   -0.0000423947   2523898
527   0.0001038771   0.0000150569   2523753
528   0.0001036304   0.0001335401   2523587
529   0.0001038052   0.0008111962   2523434
530   0.0001040839   0.0003939317   2523280
531   0.0001043195   -0.0003693826   2523129
532   0.0001039490   -0.0000107017   2522962
533   0.0001038282   -0.0001716336   2522816
534   0.0001039876   0.0003333765   2522673
535   0.0001040620   -0.0000947463   2522525
536   0.0001037404   0.0003096294   2522370
537   0.0001040333   0.0000816741   2522218
538   0.0001041262   -0.0000626475   2522049
539   0.0001037277   0.0000293430   2521894
540   0.0001038778   -0.0001336386   2521726
541   0.0001042704   0.0002922783   2521569
542   0.0001043556   -0.0001562620   2521407
543   0.0001041214   0.0004779370   2521253
544   0.0001040485   0.0003811822   2521104
545   0.0001040348   0.0000353042   2520945
546   0.0001041210   -0.0003332289   2520790
547   0.0001040462   -0.0004237019   2520640
548   0.0001041542   -0.0002217828   2520484
549   0.0001041439   0.0004479563   2520335
550   0.0001039250   -0.0005824985   2520178
551   0.0001037758   -0.0001964262   2520030
552   0.0001037027   -0.0006032057   2519870
553   0.0001038816   -0.0004790213   2519721
554   0.0001034776   0.0001210521   2519577
555   0.0001035947   0.0004127924   2519426
556   0.0001037267   0.0003707435   2519262
557   0.0001038552   -0.0003485366   2519104
558   0.0001037993   -0.0006431259   2518947
559   0.0001037578   -0.0011430123   2518783
560   0.0001033624   -0.0001123637   2518607
561   0.0001033215   0.0002453900   2518440
562   0.0001036401   0.0003613580   2518278
563   0.0001032667   -0.0001179453   2518117
564   0.0001031462   0.0000496435   2517955
565   0.0001028147   -0.0002843756   2517797
566   0.0001026833   0.0002764506   2517629
567   0.0001025102   -0.0005012963   2517473
568   0.0001027792   -0.0001100387   2517297
569   0.0001027400   -0.0002125437   2517129
570   0.0001026392   -0.0007036238   2516970
571   0.0001023409   0.0001084713   2516795
572   0.0001021972   -0.0000981476   2516617
573   0.0001018541   -0.0004736835   2516448
574   0.0001017508   -0.0003091868   2516278
575   0.0001013428   -0.0002909257   2516106
576   0.0001014765   0.0001252022   2515930
577   0.0001012457   0.0000612142   2515757
578   0.0001012379   0.0000643986   2515583
579   0.0001013042   -0.0002401212   2515396
580   0.0001013414   -0.0002643902   2515222
581   0.0001014182   -0.0002123221   2515047
582   0.0001012200   -0.0000047716   2514874
583   0.0001010531   0.0001928663   2514696
584   0.0001010487   0.0005806296   2514512
585   0.0001013241   0.0003734599   2514326
586   0.0001016937   0.0004908196   2514162
587   0.0001019666   0.0000704060   2513992
588   0.0001016042   0.0003078990   2513811
589   0.0001018798   0.0010375446   2513627
590   0.0001019451   0.0001308960   2513445
591   0.0001014011   0.0002590260   2513261
592   0.0001015290   0.0002674016   2513074
593   0.0001012548   0.0001842504   2512884
594   0.0001011542   -0.0001886424   2512691
595   0.0001011541   0.0001205974   2512491
596   0.0001009306   -0.0001333434   2512310
597   0.0001006872   0.0008646036   2512134
598   0.0001008848   0.0005537504   2511962
599   0.0001011655   0.0002002552   2511795
600   0.0001012435   0.0002165917   2511638
601   0.0001012574   0.0004750206   2511470
602   0.0001013410   0.0004913719   2511336
603   0.0001014190   -0.0002245945   2511192
604   0.0001013946   -0.0000680991   2511048
605   0.0001010987   -0.0000031861   2510901
606   0.0001008833   -0.0000740813   2510754
607   0.0001006992   -0.0003556887   2510622
608   0.0001003915   -0.0002445752   2510475
609   0.0001003514   -0.0003421854   2510335
610   0.0001003912   -0.0002294641   2510197
611   0.0001007137   0.0006669193   2510049
612   0.0001010021   0.0012064182   2509909
613   0.0001010968   0.0000565789   2509769
614   0.0001012833   0.0008041068   2509617
615   0.0001011948   0.0003757766   2509470
616   0.0001009220   0.0003188102   2509330
617   0.0001009780   0.0006420409   2509186
618   0.0001010073   0.0007991111   2509038
619   0.0001009584   0.0005879096   2508889
620   0.0001010786   -0.0000330842   2508747
621   0.0001008501   -0.0000294985   2508598
622   0.0001007736   0.0005872154   2508449
623   0.0001010640   0.0002563489   2508300
624   0.0001012481   0.0004597008   2508153
625   0.0001012411   0.0001598877   2508011
626   0.0001008434   -0.0001862144   2507862
627   0.0001006823   0.0002787408   2507706
628   0.0001008455   -0.0005272051   2507563
629   0.0001007993   0.0000091728   2507421
630   0.0001007088   -0.0001483680   2507280
631   0.0001002495   0.0000267238   2507131
632   0.0001000417   0.0001260481   2506979
633   0.0001000127   -0.0001491921   2506835
634   0.0000996379   -0.0000582437   2506710
635   0.0000999090   0.0007532202   2506571
636   0.0001006606   0.0002685083   2506440
637   0.0001007547   0.0004480728   2506289
638   0.0001010581   0.0004034070   2506154
639   0.0001009979   0.0005235397   2506018
640   0.0001008626   0.0002099073   2505868
641   0.0001009627   -0.0001879691   2505731
642   0.0001012600   0.0003979119   2505580
643   0.0001016231   0.0007483718   2505439
644   0.0001018801   0.0005560217   2505298
645   0.0001018097   0.0001540829   2505145
646   0.0001017217   -0.0005401191   2505003
647   0.0001021316   -0.0001485116   2504855
648   0.0001022642   0.0002072102   2504703
649   0.0001019451   0.0000275497   2504561
650   0.0001015918   -0.0001333649   2504407
651   0.0001013163   -0.0000507139   2504245
652   0.0001013743   0.0002384082   2504108
653   0.0001014790   0.0003909790   2503971
654   0.0001015845   0.0009633253   2503827
655   0.0001012779   0.0012393771   2503677
656   0.0001014300   0.0003555000   2503516
657   0.0001014481   0.0000906779   2503365
658   0.0001014676   0.0004202589   2503219
659   0.0001016786   0.0008257843   2503075
660   0.0001021247   0.0006476423   2502925
661   0.0001025452   0.0004239291   2502777
662   0.0001028319   0.0006477181   2502632
663   0.0001032443   0.0003748261   2502494
664   0.0001031208   0.0003049139   2502346
665   0.0001031052   0.0007944964   2502214
666   0.0001031438   -0.0003201345   2502073
667   0.0001033498   -0.0006562931   2501931
668   0.0001031841   -0.0004972436   2501792
669   0.0001029319   -0.0004632937   2501653
670   0.0001028516   0.0000811511   2501506
671   0.0001030360   -0.0001411233   2501358
672   0.0001032167   -0.0004745680   2501222
673   0.0001032834   0.0001539334   2501082
674   0.0001035472   0.0008612772   2500937
675   0.0001038918   0.0002319259   2500799
676   0.0001044393   -0.0001119708   2500651
677   0.0001043775   -0.0004763036   2500506
678   0.0001045123   -0.0004959286   2500360
679   0.0001041428   -0.0005563493   2500228
680   0.0001039574   -0.0001451949   2500088
681   0.0001036286   0.0004912100   2499949
682   0.0001034982   0.0000316022   2499824
683   0.0001035452   0.0002484296   2499702
684   0.0001039706   0.0007157220   2499574
685   0.0001041156   0.0006321441   2499430
686   0.0001039247   0.0000900255   2499293
687   0.0001039564   0.0002496850   2499149
688   0.0001043197   0.0008483342   2499015
689   0.0001043985   0.0007547420   2498867
690   0.0001045697   0.0000272138   2498732
691   0.0001044006   0.0000524298   2498578
692   0.0001046389   -0.0000688429   2498443
693   0.0001043952   0.0008397657   2498316
694   0.0001049207   0.0000108078   2498186
695   0.0001049278   0.0000656512   2498051
696   0.0001047725   -0.0000684571   2497914
697   0.0001049474   0.0001064947   2497776
698   0.0001049955   0.0005076803   2497635
699   0.0001049117   0.0004128122   2497504
700   0.0001048738   0.0002286415   2497359
701   0.0001049801   0.0008809839   2497208
702   0.0001049816   0.0003363951   2497064
703   0.0001052413   -0.0001481819   2496931
704   0.0001049643   0.0000821052   2496797
705   0.0001050790   0.0001722309   2496649
706   0.0001049812   -0.0004181845   2496506
707   0.0001046774   -0.0004626735   2496361
708   0.0001045914   -0.0005888930   2496209
709   0.0001045738   0.0006173683   2496079
710   0.0001048129   0.0003008880   2495945
711   0.0001045235   0.0004864154   2495809
712   0.0001045256   0.0001206088   2495671
713   0.0001045339   0.0000444794   2495538
714   0.0001043328   0.0001855413   2495401
715   0.0001040421   -0.0001550939   2495263
716   0.0001038100   0.0002220322   2495134
717   0.0001041303   0.0001511024   2494997
718   0.0001041491   0.0005038371   2494854
719   0.0001042916   0.0002557415   2494707
720   0.0001042817   0.0008057507   2494568
721   0.0001045069   -0.0000392875   2494430
722   0.0001042458   0.0005051546   2494286
723   0.0001042279   0.0002594085   2494136
724   0.0001041312   0.0002213321   2493990
725   0.0001043840   0.0007113513   2493845
726   0.0001047301   0.0001592009   2493704
727   0.0001046364   0.0006613017   2493567
728   0.0001045427   0.0001804741   2493432
729   0.0001040963   0.0003188561   2493288
730   0.0001043350   0.0001363742   2493141
731   0.0001041265   0.0002258330   2492993
732   0.0001039672   0.0002675657   2492846
733   0.0001038481   0.0005255350   2492698
734   0.0001038597   0.0003755160   2492570
735   0.0001038335   -0.0001969958   2492439
736   0.0001037903   0.0001697233   2492292
737   0.0001037597   0.0000429348   2492151
738   0.0001035222   0.0006111503   2492022
739   0.0001033323   0.0000798596   2491874
740   0.0001035111   0.0004956374   2491741
741   0.0001035899   0.0003989388   2491610
742   0.0001034189   -0.0000268918   2491468
743   0.0001034653   -0.0002849873   2491339
744   0.0001035691   -0.0004050236   2491213
745   0.0001033234   -0.0003865795   2491079
746   0.0001035157   0.0002380631   2490936
747   0.0001033937   0.0003625333   2490806
748   0.0001036358   0.0007319336   2490663
749   0.0001037764   0.0002694228   2490509
750   0.0001043638   0.0006962832   2490366
751   0.0001048194   0.0000489915   2490227
752   0.0001044535   0.0003899446   2490097
753   0.0001044368   0.0002036172   2489967
754   0.0001043938   -0.0000393603   2489816
755   0.0001039083   -0.0002948175   2489676
756   0.0001036188   -0.0007170005   2489538
757   0.0001034417   -0.0003109180   2489402
758   0.0001034439   -0.0001799738   2489251
759   0.0001032167   -0.0002197575   2489107
760   0.0001027635   -0.0005311451   2488962
761   0.0001024660   -0.0002671935   2488833
762   0.0001023116   -0.0000654963   2488689
763   0.0001025762   0.0002684296   2488548
764   0.0001027807   -0.0001330164   2488415
765   0.0001029730   0.0005103958   2488265
766   0.0001034496   -0.0000864104   2488126
767   0.0001033450   -0.0002270914   2487985
768   0.0001033871   -0.0004224518   2487858
769   0.0001031683   -0.0008344994   2487719
770   0.0001030817   -0.0004715424   2487581
771   0.0001028405   -0.0001378921   2487452
772   0.0001030239   0.0004052561   2487316
773   0.0001031317   -0.0001680614   2487186
774   0.0001032444   -0.0005162747   2487048
775   0.0001026720   0.0001065575   2486921
776   0.0001023732   -0.0005669976   2486783
777   0.0001020499   -0.0002449084   2486644
778   0.0001020451   -0.0003768360   2486493
779   0.0001019471   0.0001488120   2486358
780   0.0001022645   -0.0004114672   2486225
781   0.0001021014   0.0008559629   2486089
782   0.0001022998   0.0005933336   2485954
783   0.0001022359   0.0000394236   2485819
784   0.0001020347   -0.0000144830   2485670
785   0.0001017151   -0.0000301745   2485539
786   0.0001019272   0.0004220654   2485397
787   0.0001015658   0.0004639355   2485259
788   0.0001017255   0.0004184912   2485118
789   0.0001019290   0.0002893378   2484985
790   0.0001015955   -0.0000028171   2484842
791   0.0001019685   0.0001895602   2484699
792   0.0001021729   0.0003392939   2484572
793   0.0001020626   -0.0002942317   2484437
794   0.0001018790   0.0002894173   2484302
795   0.0001014413   -0.0000764844   2484167
796   0.0001013627   0.0002721392   2484023
797   0.0001012707   0.0005004249   2483889
798   0.0001013482   -0.0000877708   2483741
799   0.0001015163   0.0000249638   2483594
800   0.0001016246   -0.0002291162   2483456
801   0.0001017962   0.0003579885   2483320
802   0.0001018673   0.0001397398   2483187
803   0.0001018575   0.0001590784   2483052
804   0.0001016033   0.0001401578   2482916
805   0.0001014422   0.0002489139   2482786
806   0.0001015206   0.0001840770   2482657
807   0.0001012597   0.0002630383   2482528
808   0.0001010424   0.0005381888   2482400
809   0.0001013947   0.0001788687   2482268
810   0.0001013449   0.0005970657   2482139
811   0.0001012857   0.0007123270   2482006
812   0.0001011376   0.0001897760   2481873
813   0.0001011669   0.0003348453   2481743
814   0.0001011541   -0.0001474853   2481603
815   0.0001011435   -0.0001180751   2481471
816   0.0001009538   -0.0000697207   2481330
817   0.0001005201   0.0000842332   2481208
818   0.0001004526   0.0005243705   2481070
819   0.0001003287   -0.0000483690   2480929
820   0.0001001272   -0.0002043713   2480779
821   0.0000996864   -0.0002567907   2480619
822   0.0000995528   -0.0000858707   2480474
823   0.0000995721   0.0000520090   2480338
824   0.0000995230   -0.0003910973   2480201
825   0.0000990936   0.0001120942   2480056
826   0.0000991073   0.0006492168   2479911
827   0.0000992634   0.0001504162   2479786
828   0.0000990541   -0.0004173985   2479645
829   0.0000990440   0.0006944918   2479511
830   0.0000993200   -0.0001451982   2479370
831   0.0000993953   0.0003190494   2479240
832   0.0000992982   0.0003961097   2479111
833   0.0000992809   -0.0004098478   2478969
834   0.0000990548   -0.0001012576   2478827
835   0.0000991348   -0.0002392388   2478695
836   0.0000989547   -0.0003215573   2478563
837   0.0000990880   -0.0004127628   2478421
838   0.0000987025   -0.0000528592   2478280
839   0.0000985311   -0.0001065312   2478147
840   0.0000984762   -0.0001061337   2478006
841   0.0000983976   0.0002397223   2477867
842   0.0000985472   0.0002768661   2477732
843   0.0000985935   0.0000883920   2477601
844   0.0000990866   0.0005739743   2477463
845   0.0000991704   0.0004666325   2477324
846   0.0000991918   0.0007762819   2477193
847   0.0000995567   0.0004945387   2477056
848   0.0000996131   -0.0000561183   2476911
849   0.0000998829   0.0004352424   2476781
850   0.0001004956   0.0003940810   2476648
851   0.0001010461   0.0009048995   2476518
852   0.0001012512   0.0006146071   2476379
853   0.0001014450   0.0004228181   2476242
854   0.0001010448   0.0001744683   2476095
855   0.0001009841   0.0002370798   2475960
856   0.0001014467   0.0004325831   2475825
857   0.0001017768   0.0004394727   2475694
858   0.0001018974   0.0002431772   2475561
859   0.0001022693   0.0003526664   2475427
860   0.0001024961   0.0004504505   2475300
861   0.0001027134   0.0009272079   2475173
862   0.0001029286   0.0004828222   2475031
863   0.0001029808   0.0004182007   2474888
864   0.0001026535   0.0005511675   2474747
865   0.0001023146   0.0003071187   2474613
866   0.0001022954   -0.0000218229   2474470
867   0.0001022190   0.0000206117   2474321
868   0.0001018200   -0.0000691134   2474194
869   0.0001019183   -0.0004482530   2474049
870   0.0001021302   -0.0005699514   2473895
871   0.0001019631   -0.0000586157   2473739
872   0.0001014848   0.0004915928   2473592
873   0.0001019105   0.0004257191   2473462
874   0.0001018076   0.0004956874   2473333
875   0.0001018106   0.0007059671   2473203
876   0.0001020176   0.0003457246   2473067
877   0.0001020934   0.0000372027   2472937
878   0.0001021053   -0.0001160625   2472805
879   0.0001020623   0.0007162347   2472653
880   0.0001019869   0.0006984794   2472514
881   0.0001017903   0.0002503662   2472378
882   0.0001018736   0.0001253928   2472232
883   0.0001016687   -0.0000218439   2472084
884   0.0001013733   0.0003013827   2471940
885   0.0001012527   0.0002564926   2471806
886   0.0001010883   -0.0000068780   2471665
887   0.0001011452   0.0003329932   2471522
888   0.0001011003   0.0012005395   2471389
889   0.0001014083   0.0009703587   2471251
890   0.0001014591   0.0010331402   2471107
891   0.0001014556   0.0008660566   2470970
892   0.0001018252   0.0006014147   2470841
893   0.0001021854   0.0010045720   2470704
894   0.0001022893   0.0005221446   2470580
895   0.0001024616   0.0005496992   2470442
896   0.0001023890   -0.0002485523   2470305
897   0.0001018346   -0.0005096836   2470160
898   0.0001017731   0.0000906882   2470002
899   0.0001016466   0.0003534612   2469861
900   0.0001015883   -0.0000655946   2469715
901   0.0001013572   -0.0001692605   2469566
902   0.0001010146   -0.0001927569   2469432
903   0.0001009481   -0.0003122337   2469304
904   0.0001004881   -0.0003847425   2469184
905   0.0001004016   0.0003649161   2469061
906   0.0001009070   0.0004981901   2468937
907   0.0001011458   0.0002466795   2468790
908   0.0001010407   0.0009154794   2468652
909   0.0001013870   0.0002904578   2468517
910   0.0001014031   0.0001814956   2468379
911   0.0001014679   0.0009148215   2468241
912   0.0001013598   -0.0000761716   2468113
913   0.0001014166   0.0001527567   2467977
914   0.0001013104   -0.0000332274   2467841
915   0.0001009038   -0.0005762463   2467695
916   0.0001007621   0.0004056647   2467555
917   0.0001004411   -0.0002306064   2467408
918   0.0001003376   -0.0005070373   2467274
919   0.0001003642   -0.0004207302   2467139
920   0.0001002360   0.0004766933   2466995
921   0.0001002454   0.0003056509   2466867
922   0.0001004045   0.0006968706   2466742
923   0.0001006203   -0.0000141895   2466617
924   0.0001005919   0.0002047445   2466489
925   0.0001003419   -0.0002842250   2466356
926   0.0000999654   0.0001163719   2466231
927   0.0000995789   0.0001224601   2466110
928   0.0000995299   -0.0000701549   2465971
929   0.0000995147   0.0003248390   2465837
930   0.0000998354   0.0001261306   2465698
931   0.0000996918   0.0002786376   2465568
932   0.0000995643   0.0004165590   2465437
933   0.0000994084   0.0005905982   2465297
934   0.0000993137   0.0000105470   2465161
935   0.0000989684   0.0003987789   2465025
936   0.0000988545   0.0003801381   2464894
937   0.0000987981   -0.0001829788   2464766
938   0.0000987174   -0.0001168529   2464637
939   0.0000985051   0.0003177116   2464499
940   0.0000985257   -0.0006334292   2464364
941   0.0000983743   0.0005713776   2464220
942   0.0000985349   0.0003583495   2464075
943   0.0000986562   0.0002215964   2463939
944   0.0000986660   -0.0004752807   2463807
945   0.0000984991   -0.0000296306   2463669
946   0.0000983190   0.0001181230   2463533
947   0.0000985697   -0.0002183975   2463398
948   0.0000983363   0.0001124526   2463260
949   0.0000983403   -0.0000345091   2463120
950   0.0000982778   0.0008830759   2462982
951   0.0000982587   0.0003958822   2462854
952   0.0000985058   0.0002554087   2462720
953   0.0000987081   0.0008925587   2462583
954   0.0000988347   0.0001478198   2462457
955   0.0000990352   0.0000300530   2462317
956   0.0000988948   -0.0000552353   2462193
957   0.0000991382   0.0000690480   2462055
958   0.0000991792   0.0000138104   2461921
959   0.0000994868   0.0000398086   2461781
960   0.0000999289   0.0005228209   2461646
961   0.0001003505   0.0003424726   2461511
962   0.0001009166   0.0009839980   2461387
963   0.0001010745   0.0007236128   2461261
964   0.0001011664   -0.0000239726   2461144
965   0.0001012017   0.0003283209   2461007
966   0.0001010250   -0.0001097174   2460868
967   0.0001010409   0.0001877494   2460727
968   0.0001011050   0.0001906035   2460605
969   0.0001011719   0.0004873076   2460458
970   0.0001012041   0.0001605475   2460331
971   0.0001015388   0.0009576473   2460196
972   0.0001021587   -0.0000121948   2460069
973   0.0001021221   0.0001947204   2459937
974   0.0001020240   0.0007073737   2459803
975   0.0001017101   -0.0000524459   2459679
976   0.0001018466   0.0001394566   2459546
977   0.0001020619   0.0002813674   2459418
978   0.0001023979   0.0009132699   2459295
979   0.0001024332   0.0001638761   2459175
980   0.0001023584   0.0001492448   2459047
981   0.0001021112   0.0001354257   2458913
982   0.0001019867   0.0000841878   2458788
983   0.0001017014   -0.0000305045   2458655
984   0.0001017589   -0.0004030869   2458527
985   0.0001018010   0.0004014811   2458397
986   0.0001020524   -0.0000907148   2458255
987   0.0001017806   -0.0000573608   2458126
988   0.0001020245   -0.0000931651   2458002
989   0.0001020726   0.0004263851   2457872
990   0.0001023869   0.0000231921   2457734
991   0.0001021955   -0.0004589847   2457598
992   0.0001019430   -0.0003943084   2457467
993   0.0001018572   -0.0001314435   2457329
994   0.0001017557   -0.0000708124   2457197
995   0.0001017552   -0.0001371558   2457059
996   0.0001018117   0.0000651219   2456929
997   0.0001021184   -0.0000411103   2456805
998   0.0001017187   -0.0006056992   2456665
999   0.0001016115   -0.0001461406   2456539
1000   0.0001013521   0.0002186121   2456406
