0   0.0000000000   0.2408427155   1854671
1   0.0000795021   0.1086022966   1854528
2   0.0000882349   0.0417766523   1854409
3   0.0000845613   0.0244044496   1854293
4   0.0000823628   0.0184379293   1854167
5   0.0000820449   0.0158485991   1854044
6   0.0000827100   0.0144445673   1853915
7   0.0000836947   0.0127091124   1853788
8   0.0000846210   0.0121785497   1853669
9   0.0000856152   0.0115945516   1853543
10   0.0000866620   0.0106020508   1853415
11   0.0000875390   0.0095786567   1853287
12   0.0000881520   0.0085664117   1853168
13   0.0000889425   0.0080656564   1853042
14   0.0000894637   0.0083198905   1852909
15   0.0000898936   0.0068767157   1852774
16   0.0000903139   0.0059595875   1852645
17   0.0000907876   0.0058660477   1852525
18   0.0000913672   0.0054108009   1852406
19   0.0000916921   0.0045117515   1852274
20   0.0000916059   0.0054790911   1852132
21   0.0000920569   0.0057181796   1851988
22   0.0000923647   0.0049447262   1851872
23   0.0000926151   0.0044282507   1851747
24   0.0000930285   0.0029379662   1851621
25   0.0000928003   0.0026378640   1851498
26   0.0000929899   0.0029621163   1851379
27   0.0000932505   0.0033744658   1851256
28   0.0000934535   0.0034427713   1851125
29   0.0000938826   0.0035672706   1850995
30   0.0000940125   0.0039057519   1850860
31   0.0000939161   0.0020229899   1850726
32   0.0000940638   0.0019220710   1850608
33   0.0000942503   0.0009413769   1850481
34   0.0000938977   0.0015564623   1850350
35   0.0000937363   0.0009474595   1850211
36   0.0000935393   0.0011004876   1850089
37   0.0000932959   0.0012075911   1849964
38   0.0000931614   0.0008022298   1849844
39   0.0000931383   0.0018008082   1849725
40   0.0000934707   0.0018198687   1849584
41   0.0000936914   0.0014496139   1849458
42   0.0000936417   0.0006834882   1849337
43   0.0000933642   0.0001773712   1849229
44   0.0000931898   0.0015721060   1849112
45   0.0000932772   0.0012249971   1848984
46   0.0000929273   0.0014706471   1848846
47   0.0000930685   0.0011472803   1848720
48   0.0000928834   0.0017391652   1848588
49   0.0000935042   0.0012415687   1848468
50   0.0000934231   0.0018459867   1848334
51   0.0000934508   0.0014625072   1848196
52   0.0000934937   0.0009198831   1848061
53   0.0000934096   0.0013074074   1847932
54   0.0000932608   -0.0000173179   1847795
55   0.0000930690   0.0009579726   1847652
56   0.0000929513   0.0005326047   1847524
57   0.0000927578   0.0011876208   1847391
58   0.0000927468   0.0003388810   1847256
59   0.0000927655   -0.0002317127   1847115
60   0.0000921962   -0.0004472173   1846977
61   0.0000918159   -0.0002664013   1846838
62   0.0000914975   -0.0005393320   1846729
63   0.0000909818   -0.0000492798   1846599
64   0.0000910471   0.0000444093   1846459
65   0.0000908704   0.0001354040   1846326
66   0.0000906123   -0.0008937306   1846194
67   0.0000902842   -0.0002453871   1846063
68   0.0000902482   -0.0008803160   1845928
69   0.0000898817   0.0005840264   1845807
70   0.0000897759   -0.0000541805   1845681
71   0.0000898198   -0.0003814558   1845561
72   0.0000898281   0.0001896555   1845451
73   0.0000898715   0.0003045521   1845333
74   0.0000898871   0.0003484719   1845199
75   0.0000898146   0.0005978116   1845063
76   0.0000897256   0.0008769933   1844940
77   0.0000898857   -0.0001468983   1844814
78   0.0000897649   0.0000097577   1844690
79   0.0000899351   0.0007985696   1844548
80   0.0000898669   0.0001003024   1844422
81   0.0000898354   0.0001192866   1844298
82   0.0000897601   0.0009250769   1844171
83   0.0000897805   0.0005986819   1844051
84   0.0000895777   0.0005596772   1843920
85   0.0000893381   -0.0002023000   1843796
86   0.0000892664   0.0002815040   1843668
87   0.0000890594   -0.0005793212   1843537
88   0.0000888439   0.0004600193   1843401
89   0.0000886256   0.0005951412   1843260
90   0.0000885846   0.0006369582   1843135
91   0.0000886416   0.0009327133   1843010
92   0.0000886821   0.0003223214   1842881
93   0.0000886641   0.0005003356   1842763
94   0.0000885669   0.0002935995   1842646
95   0.0000883699   0.0005655289   1842523
96   0.0000885547   0.0005509095   1842408
97   0.0000885792   0.0009124573   1842278
98   0.0000886392   0.0001107399   1842154
99   0.0000888910   -0.0004723042   1842033
100   0.0000887685   -0.0005353148   1841907
101   0.0000888634   0.0000716698   1841780
102   0.0000887304   0.0000776479   1841647
103   0.0000887254   0.0014194780   1841522
104   0.0000889133   0.0010763602   1841391
105   0.0000890153   0.0012518608   1841259
106   0.0000888395   0.0001428474   1841126
107   0.0000887298   0.0001032051   1840994
108   0.0000889252   0.0000124941   1840865
109   0.0000890532   -0.0000342255   1840732
110   0.0000890253   0.0003890036   1840600
111   0.0000891949   0.0005194356   1840459
112   0.0000896147   0.0003499382   1840325
113   0.0000892547   -0.0000304316   1840190
114   0.0000892456   0.0002168388   1840077
115   0.0000889763   0.0000211963   1839943
116   0.0000886807   -0.0001739320   1839799
117   0.0000887683   -0.0008539584   1839668
118   0.0000887193   -0.0001190523   1839527
119   0.0000888918   0.0008323448   1839382
120   0.0000892158   0.0017105003   1839228
121   0.0000895699   0.0007052363   1839100
122   0.0000898254   0.0009461777   1838978
123   0.0000897165   0.0004323354   1838850
124   0.0000899040   0.0002034026   1838718
125   0.0000896782   0.0010622265   1838591
126   0.0000896326   0.0005140200   1838450
127   0.0000895616   -0.0003399816   1838335
128   0.0000894822   -0.0000021760   1838212
129   0.0000893347   0.0000571246   1838087
130   0.0000893930   -0.0001675760   1837972
131   0.0000891199   -0.0001322196   1837852
132   0.0000890159   0.0001942627   1837718
133   0.0000887655   0.0003945374   1837595
134   0.0000891236   0.0005850432   1837471
135   0.0000893599   0.0002128063   1837352
136   0.0000896475   0.0002803147   1837221
137   0.0000895641   0.0006161902   1837095
138   0.0000895427   0.0008557514   1836982
139   0.0000897334   0.0001099701   1836863
140   0.0000895886   -0.0000489997   1836745
141   0.0000895469   0.0001159735   1836627
142   0.0000894416   0.0005515885   1836514
143   0.0000893714   0.0001203447   1836392
144   0.0000891860   -0.0000833214   1836262
145   0.0000891688   0.0003801441   1836146
146   0.0000890282   -0.0000577338   1836013
147   0.0000891369   -0.0000909648   1835874
148   0.0000895410   0.0002168056   1835746
149   0.0000896205   -0.0002625823   1835615
150   0.0000896416   0.0006521451   1835481
151   0.0000897915   0.0003579693   1835353
152   0.0000897768   0.0000599380   1835229
153   0.0000898617   0.0004108761   1835103
154   0.0000898741   0.0003100856   1834977
155   0.0000897644   -0.0001269857   1834852
156   0.0000896806   -0.0001362601   1834727
157   0.0000897304   0.0001340890   1834602
158   0.0000895997   -0.0008770954   1834464
159   0.0000897695   -0.0004323097   1834333
160   0.0000897801   0.0001973597   1834214
161   0.0000898755   -0.0001891965   1834072
162   0.0000898946   -0.0002960832   1833944
163   0.0000896623   0.0001156062   1833812
164   0.0000895904   0.0004515470   1833696
165   0.0000895897   0.0012832784   1833585
166   0.0000897925   0.0003850654   1833455
167   0.0000897762   -0.0003839982   1833342
168   0.0000897580   0.0000660039   1833224
169   0.0000897076   0.0002116634   1833099
170   0.0000898435   0.0003033320   1832975
171   0.0000897096   0.0001434934   1832837
172   0.0000898314   0.0000245539   1832706
173   0.0000898148   0.0006733661   1832584
174   0.0000899420   0.0004616727   1832467
175   0.0000898629   0.0014271361   1832341
176   0.0000898532   0.0005567026   1832217
177   0.0000902983   0.0013263555   1832088
178   0.0000905873   0.0009716444   1831946
179   0.0000908854   0.0011387607   1831816
180   0.0000909048   0.0010722479   1831666
181   0.0000910036   0.0002293166   1831529
182   0.0000907409   0.0003844050   1831402
183   0.0000905992   0.0000742652   1831275
184   0.0000905986   -0.0000611639   1831145
185   0.0000905357   -0.0002545052   1831004
186   0.0000902600   -0.0008733496   1830882
187   0.0000903461   0.0004473554   1830759
188   0.0000905673   0.0000076476   1830642
189   0.0000904671   -0.0012395398   1830518
190   0.0000901191   -0.0000726620   1830393
191   0.0000901281   -0.0000999856   1830263
192   0.0000900436   0.0006857463   1830123
193   0.0000902439   0.0002907099   1830003
194   0.0000902105   0.0002136768   1829866
195   0.0000904869   0.0000929094   1829739
196   0.0000906683   0.0004350630   1829620
197   0.0000907863   -0.0002596342   1829497
198   0.0000904413   -0.0001355670   1829354
199   0.0000903061   -0.0000092935   1829229
200   0.0000903699   -0.0005527281   1829109
201   0.0000903136   -0.0013335214   1828992
202   0.0000898932   -0.0002455079   1828862
203   0.0000898350   -0.0012965289   1828729
204   0.0000897976   -0.0001591381   1828600
205   0.0000897985   -0.0005058877   1828469
206   0.0000896932   0.0000180492   1828335
207   0.0000895742   -0.0004917354   1828219
208   0.0000897907   -0.0000295388   1828103
209   0.0000897719   -0.0001515340   1827973
210   0.0000897290   -0.0006384599   1827836
211   0.0000897268   0.0003747872   1827704
212   0.0000899961   0.0003813770   1827588
213   0.0000898562   -0.0003797629   1827456
214   0.0000895784   -0.0006556031   1827325
215   0.0000894715   -0.0003677766   1827196
216   0.0000896239   0.0004925941   1827062
217   0.0000898953   0.0003431976   1826936
218   0.0000899018   0.0004236924   1826797
219   0.0000898283   -0.0011791975   1826666
220   0.0000895963   0.0001122340   1826541
221   0.0000895290   -0.0001204539   1826425
222   0.0000892425   0.0008799265   1826289
223   0.0000891259   -0.0002305381   1826162
224   0.0000889810   0.0000805023   1826035
225   0.0000890842   0.0001144633   1825912
226   0.0000890583   0.0001451438   1825775
227   0.0000890121   0.0000662781   1825642
228   0.0000891908   -0.0001385913   1825511
229   0.0000890574   0.0007412188   1825372
230   0.0000890642   -0.0004076174   1825241
231   0.0000891379   0.0003402540   1825107
232   0.0000888312   -0.0003090457   1824973
233   0.0000886892   0.0003233141   1824851
234   0.0000887207   0.0006916092   1824730
235   0.0000886656   -0.0002055248   1824597
236   0.0000885170   -0.0004571226   1824456
237   0.0000885300   -0.0001633496   1824308
238   0.0000885574   0.0000279581   1824159
239   0.0000885408   0.0008547088   1824013
240   0.0000884928   0.0003684449   1823882
241   0.0000887740   0.0005006234   1823726
242   0.0000884336   0.0000696420   1823611
243   0.0000883058   0.0000455169   1823498
244   0.0000882237   -0.0009866314   1823376
245   0.0000879944   -0.0006120931   1823252
246   0.0000878164   -0.0003691472   1823121
247   0.0000877656   -0.0009067486   1822997
248   0.0000874619   -0.0010077576   1822859
249   0.0000873886   -0.0002057347   1822736
250   0.0000870224   -0.0002704931   1822597
251   0.0000867540   -0.0016680604   1822476
252   0.0000862790   -0.0009943216   1822348
253   0.0000860654   -0.0004867673   1822226
254   0.0000858347   -0.0000932989   1822101
255   0.0000857030   -0.0003852955   1821978
256   0.0000857361   -0.0003051850   1821846
257   0.0000857080   -0.0002228662   1821721
258   0.0000856987   0.0000955209   1821590
259   0.0000857320   0.0006549702   1821457
260   0.0000855590   -0.0006434844   1821334
261   0.0000854516   -0.0003283508   1821223
262   0.0000853020   -0.0000054912   1821090
263   0.0000849375   0.0000653499   1820967
264   0.0000849521   -0.0007320797   1820840
265   0.0000846737   -0.0001801510   1820695
266   0.0000844879   -0.0003680194   1820556
267   0.0000846854   -0.0002428015   1820417
268   0.0000847383   -0.0012179432   1820282
269   0.0000846726   -0.0010587034   1820151
270   0.0000841963   0.0001642841   1820018
271   0.0000840970   0.0005253125   1819869
272   0.0000841371   -0.0010572985   1819732
273   0.0000839583   -0.0012486316   1819592
274   0.0000837573   -0.0016263022   1819465
275   0.0000835720   -0.0008002911   1819338
276   0.0000836554   -0.0005848683   1819213
277   0.0000836546   0.0003556706   1819099
278   0.0000839377   0.0002523396   1818977
279   0.0000839907   -0.0005069162   1818841
280   0.0000840505   0.0006059236   1818711
281   0.0000842875   -0.0003772166   1818584
282   0.0000843852   -0.0003497457   1818464
283   0.0000842283   -0.0000929421   1818337
284   0.0000844162   -0.0004053455   1818202
285   0.0000841627   0.0000214513   1818074
286   0.0000839891   0.0000544570   1817948
287   0.0000838381   -0.0003333669   1817817
288   0.0000837731   -0.0004555240   1817687
289   0.0000837868   -0.0004698630   1817551
290   0.0000836451   -0.0011395237   1817426
291   0.0000833875   -0.0005304570   1817301
292   0.0000832208   0.0001381266   1817174
293   0.0000832717   -0.0000506318   1817040
294   0.0000832128   -0.0005817595   1816902
295   0.0000831208   0.0004761171   1816780
296   0.0000831952   -0.0004513845   1816633
297   0.0000833795   -0.0004673844   1816492
298   0.0000833260   -0.0010075190   1816343
299   0.0000831220   0.0002141859   1816179
300   0.0000832293   0.0003045099   1816033
301   0.0000835281   0.0002032054   1815897
302   0.0000837293   0.0010959628   1815755
303   0.0000838615   -0.0000930808   1815627
304   0.0000838974   0.0000622418   1815499
305   0.0000838408   -0.0003624605   1815370
306   0.0000835732   -0.0001063219   1815243
307   0.0000837551   -0.0000639083   1815102
308   0.0000836773   -0.0001911876   1814971
309   0.0000835878   -0.0011455461   1814855
310   0.0000836236   -0.0006447272   1814721
311   0.0000834576   -0.0004507888   1814597
312   0.0000833420   -0.0004072830   1814463
313   0.0000831444   -0.0012809150   1814328
314   0.0000830984   -0.0007909766   1814213
315   0.0000830837   -0.0003825595   1814097
316   0.0000831052   0.0000496150   1813969
317   0.0000832098   -0.0010486087   1813832
318   0.0000830965   -0.0002530742   1813697
319   0.0000832621   0.0000479715   1813578
320   0.0000831744   0.0006970113   1813457
321   0.0000831021   -0.0000330884   1813327
322   0.0000830487   0.0009524587   1813202
323   0.0000832893   -0.0002658454   1813084
324   0.0000833107   0.0003127468   1812968
325   0.0000834748   0.0001522469   1812845
326   0.0000835372   -0.0002090799   1812704
327   0.0000831145   -0.0009649293   1812568
328   0.0000828485   -0.0001004176   1812432
329   0.0000829385   -0.0011521303   1812295
330   0.0000829413   0.0008718872   1812161
331   0.0000830544   0.0011583687   1812031
332   0.0000831296   0.0008074312   1811919
333   0.0000830268   -0.0002792810   1811795
334   0.0000829335   0.0001970538   1811688
335   0.0000829224   0.0003897183   1811565
336   0.0000829169   0.0000347787   1811453
337   0.0000831436   -0.0010053408   1811326
338   0.0000830307   -0.0004008386   1811203
339   0.0000829486   -0.0002004324   1811084
340   0.0000832763   0.0005952634   1810963
341   0.0000833745   -0.0005141280   1810833
342   0.0000832846   -0.0005379150   1810695
343   0.0000830676   -0.0013890630   1810573
344   0.0000827405   -0.0001900075   1810455
345   0.0000827365   0.0002817164   1810331
346   0.0000828393   -0.0008612222   1810218
347   0.0000827463   -0.0005872639   1810089
348   0.0000826442   -0.0010442202   1809963
349   0.0000828103   -0.0011476127   1809844
350   0.0000828127   0.0004591873   1809719
351   0.0000826756   -0.0006603764   1809574
352   0.0000824987   0.0000198958   1809427
353   0.0000824371   0.0005770203   1809295
354   0.0000823434   -0.0002288355   1809160
355   0.0000823483   -0.0006550450   1809036
356   0.0000825282   0.0000928742   1808898
357   0.0000823631   -0.0003748422   1808761
358   0.0000820068   -0.0001614488   1808623
359   0.0000819592   -0.0007569830   1808495
360   0.0000819822   -0.0005905907   1808359
361   0.0000819938   -0.0010551889   1808207
362   0.0000819980   -0.0008174426   1808078
363   0.0000821454   -0.0000730108   1807951
364   0.0000821798   0.0004790268   1807832
365   0.0000821650   -0.0000248933   1807715
366   0.0000822689   -0.0006096519   1807589
367   0.0000819655   -0.0007491213   1807451
368   0.0000816331   0.0000746956   1807335
369   0.0000813031   -0.0002290832   1807204
370   0.0000811563   0.0001433252   1807079
371   0.0000811026   0.0008600161   1806943
372   0.0000810249   -0.0001046037   1806819
373   0.0000811350   -0.0006044156   1806704
374   0.0000809327   -0.0001306337   1806578
375   0.0000807898   -0.0006725873   1806457
376   0.0000807443   -0.0003565256   1806322
377   0.0000806399   -0.0007762191   1806191
378   0.0000805145   -0.0003488245   1806066
379   0.0000802219   -0.0003615825   1805950
380   0.0000802488   -0.0007830181   1805833
381   0.0000800876   -0.0013280110   1805708
382   0.0000799202   -0.0013890166   1805594
383   0.0000797587   -0.0007189240   1805476
384   0.0000794854   -0.0005018398   1805357
385   0.0000794410   -0.0001102356   1805225
386   0.0000793676   0.0007650533   1805103
387   0.0000791376   0.0006731391   1804976
388   0.0000791258   -0.0008261051   1804855
389   0.0000789871   -0.0003906427   1804718
390   0.0000788140   0.0000415608   1804585
391   0.0000789127   0.0003796152   1804459
392   0.0000791852   -0.0003907268   1804330
393   0.0000792785   -0.0003403150   1804211
394   0.0000793080   -0.0000648527   1804089
395   0.0000792607   -0.0004235127   1803960
396   0.0000792403   -0.0003171018   1803837
397   0.0000791659   0.0000637574   1803711
398   0.0000792534   0.0000931477   1803587
399   0.0000793443   0.0003509900   1803470
400   0.0000793934   0.0001669115   1803351
401   0.0000794842   0.0000371557   1803225
402   0.0000796182   0.0013360316   1803101
403   0.0000797587   0.0005019498   1802969
404   0.0000797006   0.0002102234   1802844
405   0.0000797770   -0.0007832595   1802723
406   0.0000796202   -0.0001758575   1802596
407   0.0000795601   -0.0001209439   1802489
408   0.0000794470   0.0003151404   1802371
409   0.0000792622   0.0003562220   1802247
410   0.0000792397   0.0001525971   1802131
411   0.0000793828   0.0002352923   1802014
412   0.0000793465   -0.0002880320   1801883
413   0.0000793779   -0.0007475994   1801767
414   0.0000796483   -0.0007903927   1801636
415   0.0000797797   0.0001532049   1801509
416   0.0000796065   -0.0004912897   1801381
417   0.0000797573   0.0001554461   1801267
418   0.0000796214   0.0002959262   1801125
419   0.0000797263   -0.0008428627   1801005
420   0.0000796322   -0.0004575559   1800873
421   0.0000795845   -0.0002471205   1800741
422   0.0000795606   0.0004959411   1800617
423   0.0000795170   0.0001394066   1800488
424   0.0000796483   0.0004904564   1800364
425   0.0000797609   -0.0008560022   1800229
426   0.0000796332   -0.0008255060   1800108
427   0.0000796231   -0.0008305634   1799983
428   0.0000794815   -0.0005439312   1799860
429   0.0000792797   -0.0000939023   1799742
430   0.0000793612   0.0005795703   1799609
431   0.0000790559   0.0002839706   1799482
432   0.0000790673   0.0003178922   1799352
433   0.0000790099   0.0001322792   1799225
434   0.0000792146   0.0006653386   1799084
435   0.0000795798   0.0004936177   1798963
436   0.0000796279   0.0000500324   1798836
437   0.0000796816   -0.0003691537   1798709
438   0.0000795066   0.0003869685   1798596
439   0.0000796318   0.0005693729   1798470
440   0.0000799597   0.0008246425   1798355
441   0.0000799134   0.0004120721   1798229
442   0.0000796718   -0.0001863076   1798102
443   0.0000795112   0.0002063424   1797982
444   0.0000795377   0.0003765594   1797857
445   0.0000794350   0.0004055112   1797731
446   0.0000794460   -0.0002264127   1797602
447   0.0000792493   0.0001735771   1797472
448   0.0000792147   -0.0003811179   1797344
449   0.0000793120   -0.0000756728   1797212
450   0.0000794799   -0.0010683975   1797084
451   0.0000793690   -0.0009020786   1796961
452   0.0000792522   -0.0010752191   1796843
453   0.0000790966   -0.0009194522   1796722
454   0.0000788943   -0.0009556898   1796608
455   0.0000786941   -0.0001892583   1796487
456   0.0000787976   -0.0000801619   1796365
457   0.0000788558   -0.0002605427   1796251
458   0.0000787161   -0.0004259150   1796133
459   0.0000786181   -0.0001971038   1796008
460   0.0000785776   0.0000417624   1795875
461   0.0000785065   -0.0002929112   1795766
462   0.0000785330   0.0002868029   1795658
463   0.0000785888   -0.0000835407   1795533
464   0.0000785793   0.0003096782   1795412
465   0.0000787550   -0.0000256225   1795296
466   0.0000785755   -0.0011803903   1795169
467   0.0000784424   0.0000139273   1795041
468   0.0000782889   -0.0001766110   1794905
469   0.0000783348   0.0002941850   1794789
470   0.0000783406   0.0007243692   1794665
471   0.0000786075   0.0006185402   1794548
472   0.0000786416   0.0003761672   1794415
473   0.0000787111   -0.0004670361   1794294
474   0.0000787662   0.0005216897   1794170
475   0.0000788900   -0.0007887262   1794032
476   0.0000786731   -0.0003182982   1793915
477   0.0000786595   -0.0002848717   1793790
478   0.0000784160   0.0001834243   1793655
479   0.0000784953   0.0003724497   1793531
480   0.0000785372   -0.0003864177   1793396
481   0.0000786074   -0.0003251048   1793268
482   0.0000786457   0.0002425904   1793146
483   0.0000787930   -0.0000758495   1793024
484   0.0000786914   0.0001160126   1792908
485   0.0000787478   -0.0005745213   1792797
486   0.0000783652   -0.0006643688   1792679
487   0.0000780978   -0.0002722370   1792556
488   0.0000782135   -0.0002220446   1792433
489   0.0000780535   -0.0006990959   1792315
490   0.0000779200   -0.0001975246   1792182
491   0.0000780617   0.0000078123   1792048
492   0.0000781365   -0.0004883020   1791924
493   0.0000779890   -0.0006524187   1791794
494   0.0000781614   0.0009131207   1791658
495   0.0000782415   0.0001590815   1791535
496   0.0000784094   0.0006882873   1791403
497   0.0000785819   -0.0004521944   1791265
498   0.0000784298   -0.0003662478   1791137
499   0.0000783705   -0.0007989977   1790994
500   0.0000783101   -0.0002227970   1790868
501   0.0000784032   -0.0007226047   1790744
502   0.0000782514   -0.0004914474   1790629
503   0.0000781338   -0.0003127601   1790510
504   0.0000780664   0.0004457134   1790388
505   0.0000783527   -0.0001636644   1790249
506   0.0000784917   -0.0001122827   1790125
507   0.0000780490   -0.0012541955   1789992
508   0.0000778250   -0.0010358335   1789863
509   0.0000777951   -0.0005743854   1789739
510   0.0000778481   -0.0012583705   1789616
511   0.0000776659   -0.0002335885   1789472
512   0.0000775644   -0.0003694052   1789363
513   0.0000774110   0.0001302227   1789242
514   0.0000773153   -0.0005639647   1789119
515   0.0000772562   -0.0005628896   1788983
516   0.0000769941   -0.0005785804   1788861
517   0.0000768877   -0.0003963688   1788738
518   0.0000770729   0.0004953587   1788603
519   0.0000770596   -0.0007520348   1788481
520   0.0000768954   -0.0003556363   1788344
521   0.0000767001   -0.0005513851   1788224
522   0.0000765485   -0.0003663116   1788095
523   0.0000763713   -0.0004451986   1787966
524   0.0000763078   -0.0004111145   1787823
525   0.0000760609   0.0000542602   1787682
526   0.0000764417   0.0005812412   1787554
527   0.0000765689   -0.0005594562   1787450
528   0.0000765672   0.0007704264   1787322
529   0.0000767053   0.0004823230   1787184
530   0.0000763481   0.0003894667   1787059
531   0.0000763385   -0.0002378377   1786933
532   0.0000767060   0.0000302215   1786808
533   0.0000764065   0.0004919739   1786680
534   0.0000762487   -0.0006996753   1786543
535   0.0000760457   -0.0003190760   1786408
536   0.0000758153   -0.0000537431   1786277
537   0.0000759166   0.0000884584   1786150
538   0.0000757851   -0.0000475922   1786006
539   0.0000757426   -0.0002407768   1785886
540   0.0000757104   -0.0003891942   1785741
541   0.0000758307   -0.0003802654   1785595
542   0.0000760935   0.0005191942   1785459
543   0.0000764694   -0.0000856984   1785330
544   0.0000765651   0.0000857043   1785209
545   0.0000765012   0.0003209935   1785083
546   0.0000767871   0.0013468172   1784949
547   0.0000767626   -0.0004330974   1784818
548   0.0000765705   0.0002902455   1784696
549   0.0000767319   0.0013980935   1784573
550   0.0000768940   0.0000678082   1784445
551   0.0000769302   -0.0000128902   1784307
552   0.0000769679   -0.0006176531   1784173
553   0.0000765904   -0.0011591694   1784036
554   0.0000766970   0.0000835242   1783915
555   0.0000767061   0.0001547270   1783787
556   0.0000768207   0.0002231368   1783659
557   0.0000766254   0.0000140172   1783526
558   0.0000765015   0.0001188749   1783387
559   0.0000765794   -0.0007245186   1783253
560   0.0000765524   -0.0010997639   1783110
561   0.0000763343   -0.0004318630   1782973
562   0.0000762542   -0.0000173880   1782842
563   0.0000761191   -0.0000342177   1782704
564   0.0000760884   -0.0004645013   1782557
565   0.0000759115   -0.0001105239   1782420
566   0.0000757592   -0.0008023390   1782289
567   0.0000753814   -0.0005055677   1782155
568   0.0000754574   -0.0005802404   1782020
569   0.0000756111   0.0003586122   1781869
570   0.0000759355   -0.0007498297   1781738
571   0.0000758672   -0.0003861708   1781595
572   0.0000754968   -0.0005669552   1781446
573   0.0000754479   0.0005198418   1781311
574   0.0000754764   0.0003767178   1781174
575   0.0000755884   -0.0008017841   1781028
576   0.0000753481   -0.0004278728   1780903
577   0.0000751504   -0.0004329595   1780767
578   0.0000749885   -0.0003229214   1780619
579   0.0000745651   -0.0003223873   1780467
580   0.0000741793   -0.0005510242   1780321
581   0.0000739339   -0.0009392261   1780189
582   0.0000737453   0.0003095459   1780027
583   0.0000737706   0.0002859748   1779877
584   0.0000739195   -0.0004129863   1779720
585   0.0000739455   0.0002427538   1779581
586   0.0000739621   -0.0001966913   1779438
587   0.0000738909   -0.0002804510   1779277
588   0.0000738746   -0.0005879314   1779119
589   0.0000739391   0.0002417132   1778968
590   0.0000741644   0.0002231825   1778813
591   0.0000740760   -0.0004008633   1778661
592   0.0000741952   -0.0008850130   1778505
593   0.0000741355   -0.0002924067   1778345
594   0.0000739811   0.0001186607   1778179
595   0.0000738970   0.0000236220   1778002
596   0.0000737468   -0.0004094870   1777834
597   0.0000735080   0.0007436780   1777651
598   0.0000732702   -0.0007240502   1777501
599   0.0000732472   -0.0004124064   1777373
600   0.0000732222   0.0002526393   1777237
601   0.0000735018   -0.0004152833   1777100
602   0.0000735030   0.0002408592   1776972
603   0.0000734915   0.0007614556   1776860
604   0.0000738393   0.0000821734   1776731
605   0.0000736391   -0.0001395915   1776613
606   0.0000735872   -0.0008640639   1776489
607   0.0000734165   -0.0006231820   1776367
608   0.0000734566   0.0009576349   1776251
609   0.0000735163   0.0011187187   1776139
610   0.0000736824   0.0006970595   1776032
611   0.0000737012   0.0001976437   1775923
612   0.0000736836   0.0003474449   1775821
613   0.0000737862   0.0000625101   1775714
614   0.0000737363   -0.0000940520   1775614
615   0.0000739944   -0.0003148407   1775501
616   0.0000738732   -0.0006764726   1775386
617   0.0000737515   -0.0000208419   1775270
618   0.0000740612   -0.0004129226   1775151
619   0.0000740509   0.0004867526   1775029
620   0.0000743441   -0.0006901766   1774908
621   0.0000740363   -0.0004732928   1774800
622   0.0000739988   0.0001442527   1774663
623   0.0000743164   0.0000896004   1774546
624   0.0000746762   0.0005534203   1774420
625   0.0000745714   -0.0002710902   1774317
626   0.0000746512   0.0003088697   1774211
627   0.0000748114   -0.0009075070   1774091
628   0.0000745892   -0.0006911006   1773982
629   0.0000747741   0.0000625752   1773865
630   0.0000748483   0.0001026074   1773752
631   0.0000745951   0.0011248055   1773640
632   0.0000746585   0.0011987413   1773527
633   0.0000745023   0.0004928425   1773386
634   0.0000745817   0.0005785914   1773272
635   0.0000746784   -0.0003259724   1773156
636   0.0000747237   -0.0003981857   1773042
637   0.0000748008   -0.0001257808   1772926
638   0.0000748339   -0.0000778424   1772813
639   0.0000746487   -0.0003023658   1772687
640   0.0000744172   -0.0000485172   1772566
641   0.0000744459   0.0004784370   1772438
642   0.0000745647   0.0002437482   1772321
643   0.0000749126   0.0002663347   1772206
644   0.0000750395   0.0005654391   1772074
645   0.0000750100   0.0003278872   1771951
646   0.0000747819   0.0004024090   1771829
647   0.0000747424   0.0009809665   1771722
648   0.0000746139   0.0004464893   1771599
649   0.0000744529   0.0004250702   1771472
650   0.0000745316   0.0004465488   1771363
651   0.0000744664   0.0005380369   1771254
652   0.0000745579   0.0005002450   1771132
653   0.0000747142   0.0000169395   1771011
654   0.0000746219   0.0003128372   1770889
655   0.0000746086   -0.0002405759   1770751
656   0.0000744019   0.0001852450   1770628
657   0.0000744542   -0.0002343967   1770503
658   0.0000744842   0.0002694335   1770381
659   0.0000747279   0.0001694667   1770259
660   0.0000744855   0.0000491488   1770134
661   0.0000744818   0.0002649703   1770010
662   0.0000743397   -0.0007718016   1769885
663   0.0000740044   0.0000796715   1769768
664   0.0000738919   0.0005317457   1769643
665   0.0000741567   0.0005979019   1769521
666   0.0000739709   0.0008471770   1769406
667   0.0000739667   0.0006804982   1769292
668   0.0000739853   0.0002520928   1769190
669   0.0000741694   0.0003193743   1769084
670   0.0000742385   0.0002979147   1768963
671   0.0000740883   -0.0002572304   1768842
672   0.0000739439   -0.0001119450   1768726
673   0.0000741083   -0.0001125181   1768605
674   0.0000741397   -0.0006559212   1768505
675   0.0000739802   -0.0004376820   1768407
676   0.0000739275   -0.0001221514   1768298
677   0.0000741650   0.0005406686   1768181
678   0.0000742082   -0.0001097236   1768079
679   0.0000741283   -0.0002918616   1767961
680   0.0000742097   -0.0004977792   1767852
681   0.0000742183   -0.0000492149   1767757
682   0.0000740638   0.0000854241   1767652
683   0.0000742379   -0.0000067891   1767549
684   0.0000739925   0.0005114789   1767424
685   0.0000739577   0.0003044176   1767309
686   0.0000736230   0.0002648257   1767200
687   0.0000735531   0.0008488580   1767080
688   0.0000735821   0.0003344722   1766963
689   0.0000735658   0.0002880822   1766857
690   0.0000735558   0.0005914832   1766745
691   0.0000737197   0.0000294345   1766633
692   0.0000737796   0.0005643878   1766516
693   0.0000736106   -0.0006363261   1766390
694   0.0000736566   0.0000866224   1766287
695   0.0000736069   -0.0006205472   1766183
696   0.0000737707   0.0000968250   1766072
697   0.0000740426   0.0001206140   1765964
698   0.0000740222   0.0001268514   1765846
699   0.0000738773   -0.0000792873   1765731
700   0.0000738152   -0.0004395099   1765603
701   0.0000735544   0.0008983276   1765503
702   0.0000737176   0.0007771663   1765388
703   0.0000740259   0.0002804113   1765264
704   0.0000740509   -0.0000322919   1765150
705   0.0000742141   0.0008118824   1765034
706   0.0000744298   0.0008963559   1764924
707   0.0000746114   -0.0005213017   1764813
708   0.0000743992   0.0002669021   1764692
709   0.0000742616   0.0010654063   1764585
710   0.0000743525   0.0003876538   1764461
711   0.0000742443   0.0001331922   1764367
712   0.0000742057   0.0003735273   1764262
713   0.0000742950   0.0003911230   1764151
714   0.0000742153   -0.0001354847   1764037
715   0.0000743908   0.0006213413   1763926
716   0.0000743307   0.0009360371   1763819
717   0.0000744610   0.0006418292   1763709
718   0.0000744422   0.0001740765   1763592
719   0.0000745056   -0.0004871050   1763480
720   0.0000743606   0.0007071731   1763359
721   0.0000745273   0.0001321432   1763239
722   0.0000744767   0.0000867780   1763120
723   0.0000745427   -0.0005127583   1763014
724   0.0000743858   -0.0007192714   1762895
725   0.0000741928   0.0002864804   1762773
726   0.0000739310   0.0000578673   1762652
727   0.0000738575   0.0000295028   1762542
728   0.0000738222   0.0000119153   1762436
729   0.0000734902   -0.0000573113   1762306
730   0.0000734646   -0.0004114168   1762203
731   0.0000735487   0.0000970434   1762098
732   0.0000736856   -0.0000817262   1761981
733   0.0000736959   -0.0005789330   1761862
734   0.0000737023   -0.0004586367   1761743
735   0.0000739348   -0.0001419145   1761624
736   0.0000738450   0.0002986044   1761528
737   0.0000738926   -0.0001555565   1761418
738   0.0000738278   -0.0000210071   1761311
739   0.0000734558   -0.0003946175   1761199
740   0.0000733070   -0.0003452425   1761081
741   0.0000733416   0.0007314122   1760977
742   0.0000734842   -0.0002515800   1760871
743   0.0000732526   0.0003066847   1760766
744   0.0000732277   0.0009291996   1760655
745   0.0000733863   -0.0003192186   1760549
746   0.0000735160   -0.0006861933   1760437
747   0.0000734637   -0.0002630205   1760319
748   0.0000734033   -0.0004840348   1760204
749   0.0000734456   -0.0001386297   1760084
750   0.0000736457   0.0004193260   1759967
751   0.0000732427   0.0004932208   1759861
752   0.0000731068   0.0006154308   1759743
753   0.0000732122   0.0007109494   1759619
754   0.0000731872   -0.0002341580   1759496
755   0.0000728634   -0.0007934609   1759381
756   0.0000725381   -0.0014960759   1759269
757   0.0000721951   -0.0013404109   1759162
758   0.0000720231   0.0000130753   1759044
759   0.0000720402   0.0002785778   1758934
760   0.0000722706   0.0001688630   1758822
761   0.0000725277   -0.0003275132   1758708
762   0.0000723559   0.0008609165   1758591
763   0.0000725118   -0.0006767220   1758477
764   0.0000722304   -0.0003338317   1758371
765   0.0000722790   -0.0006802172   1758262
766   0.0000722921   -0.0001040863   1758157
767   0.0000725343   -0.0001621116   1758048
768   0.0000725302   -0.0005000171   1757940
769   0.0000724139   -0.0000972786   1757838
770   0.0000724512   -0.0003191618   1757729
771   0.0000725479   -0.0006025166   1757628
772   0.0000721565   -0.0009496374   1757513
773   0.0000718089   -0.0001411177   1757398
774   0.0000720156   0.0007340882   1757282
775   0.0000721582   -0.0000073983   1757159
776   0.0000723603   0.0000910614   1757056
777   0.0000723015   -0.0003187369   1756935
778   0.0000721115   -0.0000130918   1756820
779   0.0000717264   -0.0000512321   1756712
780   0.0000717625   0.0000671750   1756605
781   0.0000719095   0.0009302580   1756502
782   0.0000720981   0.0004623153   1756377
783   0.0000723723   -0.0000876862   1756262
784   0.0000722534   -0.0003092007   1756141
785   0.0000720215   -0.0004219736   1756034
786   0.0000721437   -0.0000267665   1755924
787   0.0000721211   -0.0000438545   1755806
788   0.0000720064   -0.0007598183   1755683
789   0.0000717368   -0.0007450559   1755573
790   0.0000715578   -0.0005069911   1755455
791   0.0000713899   0.0003099085   1755357
792   0.0000714247   0.0000262072   1755246
793   0.0000714322   0.0006495242   1755131
794   0.0000716408   0.0001703693   1755011
795   0.0000717698   -0.0003008720   1754899
796   0.0000715093   -0.0000769324   1754788
797   0.0000715231   0.0002108667   1754663
798   0.0000715203   0.0002268397   1754543
799   0.0000714838   -0.0001869542   1754440
800   0.0000716897   0.0005694462   1754336
801   0.0000716602   0.0002348628   1754216
802   0.0000717955   0.0012182837   1754107
803   0.0000719980   0.0004720655   1753994
804   0.0000721704   -0.0000387713   1753873
805   0.0000718600   -0.0003769032   1753766
806   0.0000715656   -0.0004430776   1753643
807   0.0000715946   0.0000490440   1753528
808   0.0000716537   0.0001608285   1753421
809   0.0000714850   0.0007962083   1753310
810   0.0000716019   -0.0001328998   1753200
811   0.0000712478   -0.0012800365   1753075
812   0.0000709903   -0.0005470750   1752959
813   0.0000706806   -0.0001597402   1752846
814   0.0000705298   0.0002778502   1752743
815   0.0000706063   0.0005340527   1752636
816   0.0000707097   -0.0009146750   1752535
817   0.0000705247   -0.0003395278   1752434
818   0.0000707568   0.0006808063   1752334
819   0.0000708867   0.0000604944   1752229
820   0.0000708560   0.0000405223   1752123
821   0.0000707359   0.0002893822   1752008
822   0.0000707135   -0.0012546393   1751898
823   0.0000703494   -0.0002671567   1751781
824   0.0000701226   -0.0007621307   1751668
825   0.0000699516   -0.0005617856   1751558
826   0.0000701884   -0.0002135387   1751439
827   0.0000701443   -0.0001221924   1751336
828   0.0000701437   0.0003169212   1751224
829   0.0000701142   0.0007492395   1751109
830   0.0000700160   -0.0001918903   1751000
831   0.0000700901   0.0007424795   1750890
832   0.0000702415   0.0001382245   1750775
833   0.0000702375   0.0001245241   1750665
834   0.0000703000   -0.0003107591   1750552
835   0.0000702403   0.0000525582   1750439
836   0.0000704150   0.0003227961   1750331
837   0.0000705336   0.0000965594   1750218
838   0.0000703199   -0.0008148148   1750091
839   0.0000700110   -0.0006794383   1749975
840   0.0000696978   0.0005909085   1749848
841   0.0000694812   -0.0001777427   1749720
842   0.0000693548   0.0007607440   1749603
843   0.0000693213   -0.0006373279   1749492
844   0.0000692458   0.0000645942   1749383
845   0.0000693876   0.0009775439   1749282
846   0.0000693595   0.0000440207   1749177
847   0.0000692984   -0.0002635697   1749063
848   0.0000693006   -0.0010566334   1748951
849   0.0000692730   -0.0001280839   1748853
850   0.0000693663   -0.0004912100   1748743
851   0.0000695223   -0.0005175489   1748627
852   0.0000693003   0.0000051472   1748510
853   0.0000694210   0.0010929999   1748399
854   0.0000693991   -0.0000177317   1748283
855   0.0000692462   0.0004662007   1748174
856   0.0000693269   0.0004782436   1748063
857   0.0000695577   0.0003363927   1747957
858   0.0000696742   0.0006041674   1747860
859   0.0000699399   0.0013789165   1747749
860   0.0000697943   0.0005447331   1747645
861   0.0000699843   0.0013933857   1747542
862   0.0000702941   0.0009854511   1747423
863   0.0000705126   -0.0001854279   1747310
864   0.0000702736   0.0005637608   1747195
865   0.0000702770   0.0001367984   1747097
866   0.0000703655   0.0009158615   1746989
867   0.0000706365   0.0012113010   1746882
868   0.0000707156   -0.0000812932   1746764
869   0.0000703756   -0.0002204199   1746666
870   0.0000702174   -0.0002044036   1746545
871   0.0000700008   0.0001311252   1746423
872   0.0000702345   0.0009311072   1746308
873   0.0000704404   0.0003997263   1746195
874   0.0000701351   0.0000469617   1746104
875   0.0000702151   0.0003293242   1746000
876   0.0000704187   -0.0007990244   1745879
877   0.0000702392   0.0010282084   1745755
878   0.0000703958   0.0001586815   1745635
879   0.0000702453   0.0000773410   1745517
880   0.0000705163   -0.0004211057   1745405
881   0.0000702916   -0.0000922476   1745303
882   0.0000702955   0.0006904704   1745187
883   0.0000702989   -0.0000320905   1745063
884   0.0000701222   0.0001306627   1744951
885   0.0000702096   0.0010556890   1744832
886   0.0000703148   0.0008660450   1744713
887   0.0000701975   -0.0002281328   1744598
888   0.0000700568   -0.0001725448   1744474
889   0.0000697132   -0.0004574728   1744366
890   0.0000695467   0.0004076265   1744244
891   0.0000697593   0.0001221246   1744120
892   0.0000697728   -0.0000905960   1744006
893   0.0000698293   -0.0001989795   1743898
894   0.0000700217   0.0000521852   1743788
895   0.0000699454   0.0002718390   1743679
896   0.0000702033   0.0001944305   1743554
897   0.0000699573   0.0010129324   1743453
898   0.0000700099   0.0015114743   1743331
899   0.0000706222   0.0007818859   1743221
900   0.0000706965   0.0013005535   1743104
901   0.0000708685   0.0006184806   1742981
902   0.0000709923   0.0003735199   1742879
903   0.0000710733   -0.0006099520   1742760
904   0.0000710313   -0.0003127410   1742656
905   0.0000710729   -0.0007976816   1742550
906   0.0000712110   -0.0005997323   1742444
907   0.0000711897   -0.0002439274   1742322
908   0.0000712906   0.0001147971   1742204
909   0.0000713181   -0.0005682793   1742101
910   0.0000711972   -0.0004110232   1741994
911   0.0000712150   0.0001171143   1741888
912   0.0000713653   0.0003301232   1741774
913   0.0000716385   0.0003783729   1741668
914   0.0000716870   -0.0000660329   1741557
915   0.0000716544   0.0007488039   1741444
916   0.0000719511   0.0003049388   1741333
917   0.0000717744   -0.0001682720   1741229
918   0.0000718580   0.0007202319   1741106
919   0.0000720540   -0.0002820212   1741004
920   0.0000721917   0.0000562929   1740893
921   0.0000721750   -0.0000551477   1740781
922   0.0000722399   0.0003056291   1740672
923   0.0000722535   0.0002229157   1740568
924   0.0000725038   -0.0001959252   1740460
925   0.0000725958   0.0007268628   1740356
926   0.0000728540   0.0001453811   1740254
927   0.0000728492   0.0004143290   1740163
928   0.0000730266   0.0000074710   1740050
929   0.0000733543   0.0006178342   1739949
930   0.0000734526   0.0002310572   1739829
931   0.0000731946   -0.0000580557   1739710
932   0.0000733727   -0.0001178436   1739594
933   0.0000733742   -0.0004012677   1739487
934   0.0000732833   0.0003047054   1739385
935   0.0000734789   0.0006387704   1739279
936   0.0000733256   0.0007986605   1739162
937   0.0000733893   0.0010948519   1739048
938   0.0000738288   0.0008832891   1738955
939   0.0000740202   0.0009103734   1738847
940   0.0000740768   0.0001443568   1738747
941   0.0000742104   0.0009869795   1738638
942   0.0000744171   0.0013873798   1738529
943   0.0000746611   0.0004268263   1738412
944   0.0000748030   0.0003417130   1738301
945   0.0000745786   -0.0003118206   1738179
946   0.0000744540   0.0001173729   1738051
947   0.0000744064   -0.0003820615   1737940
948   0.0000740412   0.0002422560   1737831
949   0.0000741143   -0.0001283300   1737708
950   0.0000739592   0.0004178167   1737604
951   0.0000741788   0.0005427357   1737494
952   0.0000740933   -0.0007016348   1737371
953   0.0000738841   0.0005439619   1737254
954   0.0000738554   -0.0002198995   1737157
955   0.0000738597   0.0000828993   1737048
956   0.0000738271   -0.0010512795   1736931
957   0.0000735922   0.0001525766   1736833
958   0.0000736307   0.0005124588   1736725
959   0.0000736358   0.0007652828   1736613
960   0.0000738135   0.0004382346   1736513
961   0.0000740280   0.0001952320   1736396
962   0.0000737862   0.0003542019   1736298
963   0.0000735988   -0.0000293745   1736197
964   0.0000734796   0.0006704698   1736096
965   0.0000734583   0.0002430897   1735985
966   0.0000735379   0.0008272466   1735879
967   0.0000737954   0.0008019533   1735762
968   0.0000738830   -0.0003935123   1735651
969   0.0000741536   0.0002091573   1735536
970   0.0000742453   0.0002956052   1735423
971   0.0000741867   0.0011559794   1735325
972   0.0000744476   0.0003250312   1735218
973   0.0000744375   0.0004760483   1735118
974   0.0000743415   0.0000962525   1735019
975   0.0000743188   0.0011262819   1734912
976   0.0000746245   0.0011453691   1734812
977   0.0000746224   -0.0003620204   1734709
978   0.0000745136   0.0002732609   1734606
979   0.0000745193   0.0003586060   1734494
980   0.0000742896   0.0001320343   1734398
981   0.0000744185   0.0008637525   1734293
982   0.0000745271   0.0001654953   1734188
983   0.0000744382   0.0007796619   1734085
984   0.0000744206   0.0001856991   1733988
985   0.0000741714   -0.0000940081   1733894
986   0.0000739366   -0.0011016328   1733790
987   0.0000739114   -0.0004377966   1733682
988   0.0000737244   0.0005618422   1733583
989   0.0000739761   0.0006784041   1733480
990   0.0000740144   -0.0000928822   1733378
991   0.0000741931   0.0006184849   1733268
992   0.0000742667   0.0007956579   1733157
993   0.0000742377   0.0001765668   1733055
994   0.0000741862   0.0005470428   1732954
995   0.0000739613   -0.0000444354   1732854
996   0.0000739955   0.0002031455   1732748
997   0.0000740245   -0.0004773011   1732659
998   0.0000738496   0.0007428370   1732547
999   0.0000739615   0.0002863026   1732433
1000   0.0000737296   0.0000346354   1732331
