0   0.0000000000   0.0000000000   -nan   1.0000000000   0.0108134151
1   0.0000948610   0.0000000717   0.0002677270   0.2951282917   0.0108134407
2   0.0001144009   0.0000001200   0.0002449267   0.1986109477   0.0108134639
3   0.0001198766   0.0000001596   0.0002306487   0.1514783710   0.0108134819
4   0.0001225349   0.0000001966   0.0002217164   0.1263071129   0.0108134979
5   0.0001246665   0.0000002331   0.0002159260   0.1103016001   0.0108135146
6   0.0001263762   0.0000002692   0.0002118103   0.0929891946   0.0108135280
7   0.0001278302   0.0000003053   0.0002088458   0.0800614101   0.0108135516
8   0.0001291937   0.0000003414   0.0002065689   0.0713427873   0.0108135551
9   0.0001300309   0.0000003772   0.0002047320   0.0630120791   0.0108135724
10   0.0001307798   0.0000004134   0.0002033337   0.0601446337   0.0108135914
11   0.0001318604   0.0000004495   0.0002021585   0.0523076158   0.0108135917
12   0.0001326209   0.0000004856   0.0002011685   0.0481279677   0.0108135976
13   0.0001335853   0.0000005219   0.0002003555   0.0443582504   0.0108136000
14   0.0001343648   0.0000005578   0.0001995996   0.0410747524   0.0108135766
15   0.0001353127   0.0000005942   0.0001990310   0.0416363573   0.0108135491
16   0.0001363479   0.0000006311   0.0001986047   0.0372180837   0.0108135354
17   0.0001371555   0.0000006676   0.0001981665   0.0334696828   0.0108135278
18   0.0001379721   0.0000007039   0.0001977544   0.0327956498   0.0108135523
19   0.0001386983   0.0000007407   0.0001974401   0.0307814483   0.0108135540
20   0.0001393533   0.0000007771   0.0001971117   0.0318479941   0.0108135563
21   0.0001401271   0.0000008145   0.0001969409   0.0275366006   0.0108135546
22   0.0001407343   0.0000008519   0.0001967770   0.0255919318   0.0108135371
23   0.0001411968   0.0000008888   0.0001965829   0.0242315182   0.0108135480
24   0.0001416068   0.0000009258   0.0001964080   0.0241543636   0.0108135349
25   0.0001419326   0.0000009629   0.0001962580   0.0235089614   0.0108135381
26   0.0001424920   0.0000010000   0.0001961190   0.0219764142   0.0108135287
27   0.0001427792   0.0000010380   0.0001960717   0.0202469896   0.0108135172
28   0.0001430471   0.0000010761   0.0001960442   0.0202672699   0.0108135056
29   0.0001434631   0.0000011140   0.0001959914   0.0190355936   0.0108135210
30   0.0001436441   0.0000011518   0.0001959452   0.0219405916   0.0108135098
31   0.0001440390   0.0000011895   0.0001958830   0.0178700655   0.0108135088
32   0.0001442580   0.0000012274   0.0001958439   0.0182397746   0.0108134943
33   0.0001446180   0.0000012660   0.0001958626   0.0175365746   0.0108135145
34   0.0001447111   0.0000013038   0.0001958251   0.0161591774   0.0108135094
35   0.0001448713   0.0000013417   0.0001957934   0.0163376848   0.0108135242
36   0.0001451497   0.0000013793   0.0001957367   0.0167199427   0.0108135429
37   0.0001453140   0.0000014170   0.0001956990   0.0150402621   0.0108135488
38   0.0001454615   0.0000014547   0.0001956568   0.0147942743   0.0108135529
39   0.0001457074   0.0000014925   0.0001956272   0.0142456763   0.0108135549
40   0.0001459748   0.0000015304   0.0001956031   0.0158581966   0.0108135805
41   0.0001463783   0.0000015685   0.0001955942   0.0132703220   0.0108135961
42   0.0001465040   0.0000016067   0.0001955889   0.0134502374   0.0108135850
43   0.0001466164   0.0000016443   0.0001955516   0.0118118626   0.0108135812
44   0.0001464862   0.0000016816   0.0001954966   0.0124586792   0.0108135934
45   0.0001466039   0.0000017197   0.0001954898   0.0131451912   0.0108135959
46   0.0001467861   0.0000017571   0.0001954447   0.0124430816   0.0108135822
47   0.0001470787   0.0000017952   0.0001954373   0.0123457230   0.0108135906
48   0.0001473947   0.0000018335   0.0001954434   0.0119156765   0.0108136240
49   0.0001476190   0.0000018721   0.0001954628   0.0118015564   0.0108136174
50   0.0001477824   0.0000019110   0.0001955005   0.0119321735   0.0108136156
51   0.0001477496   0.0000019487   0.0001954746   0.0109849622   0.0108136332
52   0.0001477154   0.0000019863   0.0001954441   0.0115232327   0.0108136292
53   0.0001477512   0.0000020245   0.0001954455   0.0097014986   0.0108136412
54   0.0001479615   0.0000020630   0.0001954561   0.0100111625   0.0108136335
55   0.0001477845   0.0000021016   0.0001954754   0.0111917885   0.0108136266
56   0.0001478384   0.0000021402   0.0001954942   0.0106708031   0.0108136252
57   0.0001478107   0.0000021785   0.0001954973   0.0099979737   0.0108136145
58   0.0001476751   0.0000022164   0.0001954820   0.0096427660   0.0108136246
59   0.0001476858   0.0000022548   0.0001954902   0.0100583879   0.0108136326
60   0.0001474857   0.0000022922   0.0001954564   0.0124056224   0.0108136320
61   0.0001475022   0.0000023304   0.0001954572   0.0092119878   0.0108136382
62   0.0001472457   0.0000023679   0.0001954282   0.0084186102   0.0108136156
63   0.0001471624   0.0000024054   0.0001954000   0.0092606175   0.0108136274
64   0.0001472854   0.0000024438   0.0001954078   0.0087931578   0.0108136078
65   0.0001472706   0.0000024819   0.0001954043   0.0087259635   0.0108136184
66   0.0001474408   0.0000025194   0.0001953787   0.0085457110   0.0108136230
67   0.0001473633   0.0000025563   0.0001953297   0.0079869128   0.0108136187
68   0.0001471783   0.0000025941   0.0001953177   0.0080032975   0.0108136431
69   0.0001471414   0.0000026312   0.0001952773   0.0074087398   0.0108136875
70   0.0001470874   0.0000026677   0.0001952164   0.0085317910   0.0108136821
71   0.0001471641   0.0000027049   0.0001951862   0.0078183923   0.0108136999
72   0.0001471475   0.0000027422   0.0001951569   0.0083387398   0.0108137126
73   0.0001472700   0.0000027800   0.0001951476   0.0072424693   0.0108137253
74   0.0001471986   0.0000028174   0.0001951213   0.0072730220   0.0108137079
75   0.0001469153   0.0000028547   0.0001950963   0.0082190747   0.0108137108
76   0.0001468884   0.0000028914   0.0001950505   0.0074172593   0.0108137116
77   0.0001467049   0.0000029277   0.0001949933   0.0071179639   0.0108137125
78   0.0001465317   0.0000029640   0.0001949359   0.0072102369   0.0108137238
79   0.0001465524   0.0000030011   0.0001949072   0.0071123661   0.0108137385
80   0.0001466491   0.0000030382   0.0001948775   0.0081749830   0.0108137198
81   0.0001465541   0.0000030749   0.0001948368   0.0059638700   0.0108137126
82   0.0001460854   0.0000031117   0.0001948028   0.0053227188   0.0108137227
83   0.0001458543   0.0000031480   0.0001947502   0.0051374457   0.0108137137
84   0.0001455464   0.0000031840   0.0001946901   0.0061523144   0.0108137305
85   0.0001454786   0.0000032205   0.0001946477   0.0068086930   0.0108137072
86   0.0001453828   0.0000032565   0.0001945921   0.0052048103   0.0108137063
87   0.0001452128   0.0000032933   0.0001945603   0.0049342709   0.0108136956
88   0.0001450250   0.0000033298   0.0001945218   0.0054789978   0.0108137069
89   0.0001448698   0.0000033661   0.0001944784   0.0056809021   0.0108136946
90   0.0001447013   0.0000034021   0.0001944257   0.0078841045   0.0108137196
91   0.0001449443   0.0000034388   0.0001943926   0.0064604197   0.0108137271
92   0.0001451486   0.0000034752   0.0001943549   0.0063572632   0.0108137521
93   0.0001450609   0.0000035107   0.0001942935   0.0059315529   0.0108137639
94   0.0001450568   0.0000035469   0.0001942509   0.0058104548   0.0108137903
95   0.0001449438   0.0000035831   0.0001942075   0.0069490774   0.0108137985
96   0.0001449047   0.0000036185   0.0001941457   0.0061593593   0.0108137950
97   0.0001449549   0.0000036535   0.0001940759   0.0051632704   0.0108137792
98   0.0001446453   0.0000036890   0.0001940189   0.0048741637   0.0108137714
99   0.0001444948   0.0000037248   0.0001939693   0.0060227738   0.0108137688
100   0.0001445218   0.0000037600   0.0001939079   0.0064735693   0.0108137713
101   0.0001447630   0.0000037964   0.0001938777   0.0050166626   0.0108137727
102   0.0001446430   0.0000038323   0.0001938344   0.0045890582   0.0108137637
103   0.0001444597   0.0000038672   0.0001937680   0.0042211311   0.0108137667
104   0.0001443593   0.0000039024   0.0001937091   0.0055534615   0.0108137688
105   0.0001440897   0.0000039380   0.0001936610   0.0054925606   0.0108137806
106   0.0001439905   0.0000039733   0.0001936069   0.0039032608   0.0108137285
107   0.0001437451   0.0000040092   0.0001935691   0.0039494818   0.0108136924
108   0.0001434313   0.0000040446   0.0001935211   0.0045409029   0.0108136942
109   0.0001432509   0.0000040796   0.0001934612   0.0043828432   0.0108136924
110   0.0001430388   0.0000041149   0.0001934111   0.0056703067   0.0108136842
111   0.0001430204   0.0000041494   0.0001933432   0.0050641838   0.0108136881
112   0.0001427499   0.0000041836   0.0001932707   0.0053625126   0.0108136832
113   0.0001424539   0.0000042186   0.0001932175   0.0048870689   0.0108136852
114   0.0001421791   0.0000042522   0.0001931331   0.0055483316   0.0108136906
115   0.0001421346   0.0000042869   0.0001930726   0.0051934111   0.0108136992
116   0.0001419808   0.0000043216   0.0001930157   0.0044285110   0.0108136795
117   0.0001416868   0.0000043561   0.0001929556   0.0047677767   0.0108136712
118   0.0001414184   0.0000043910   0.0001929030   0.0042558631   0.0108136961
119   0.0001412416   0.0000044264   0.0001928652   0.0048339586   0.0108137095
120   0.0001411126   0.0000044612   0.0001928116   0.0084699741   0.0108137240
121   0.0001410833   0.0000044964   0.0001927698   0.0047988291   0.0108137145
122   0.0001405842   0.0000045304   0.0001927036   0.0039235782   0.0108137282
123   0.0001403416   0.0000045641   0.0001926311   0.0035520336   0.0108137558
124   0.0001402434   0.0000045987   0.0001925787   0.0044248625   0.0108137584
125   0.0001402553   0.0000046331   0.0001925226   0.0048098245   0.0108137775
126   0.0001402902   0.0000046670   0.0001924578   0.0045431642   0.0108137845
127   0.0001401501   0.0000047008   0.0001923897   0.0043342532   0.0108137878
128   0.0001401092   0.0000047345   0.0001923230   0.0039845937   0.0108137668
129   0.0001398986   0.0000047680   0.0001922526   0.0043788442   0.0108137855
130   0.0001399757   0.0000048014   0.0001921819   0.0059910268   0.0108137880
131   0.0001400499   0.0000048346   0.0001921085   0.0045887593   0.0108137922
132   0.0001400003   0.0000048676   0.0001920307   0.0050629478   0.0108137973
133   0.0001399314   0.0000049006   0.0001919557   0.0050397700   0.0108137742
134   0.0001400809   0.0000049349   0.0001919050   0.0046623900   0.0108137967
135   0.0001401609   0.0000049691   0.0001918536   0.0049155783   0.0108138371
136   0.0001400497   0.0000050018   0.0001917759   0.0046272241   0.0108138621
137   0.0001400174   0.0000050345   0.0001916985   0.0042353618   0.0108138571
138   0.0001400159   0.0000050683   0.0001916426   0.0048100799   0.0108138686
139   0.0001401565   0.0000051019   0.0001915828   0.0044381410   0.0108138674
140   0.0001402003   0.0000051367   0.0001915491   0.0050677414   0.0108138597
141   0.0001401763   0.0000051702   0.0001914890   0.0038708125   0.0108138384
142   0.0001402433   0.0000052047   0.0001914494   0.0038782378   0.0108138154
143   0.0001400528   0.0000052387   0.0001914012   0.0051783379   0.0108137893
144   0.0001400966   0.0000052725   0.0001913497   0.0057687353   0.0108138153
145   0.0001401212   0.0000053076   0.0001913221   0.0046596465   0.0108138067
146   0.0001400443   0.0000053417   0.0001912779   0.0036041888   0.0108138162
147   0.0001397820   0.0000053755   0.0001912285   0.0034912051   0.0108138427
148   0.0001395329   0.0000054091   0.0001911751   0.0036348770   0.0108138589
149   0.0001393260   0.0000054428   0.0001911249   0.0047100137   0.0108138850
150   0.0001393711   0.0000054762   0.0001910712   0.0043481068   0.0108139148
151   0.0001392144   0.0000055103   0.0001910289   0.0037837173   0.0108139450
152   0.0001390746   0.0000055454   0.0001910050   0.0043061612   0.0108139736
153   0.0001389542   0.0000055797   0.0001909668   0.0045939759   0.0108139957
154   0.0001389647   0.0000056142   0.0001909337   0.0047618462   0.0108140035
155   0.0001389800   0.0000056485   0.0001908970   0.0044238670   0.0108139844
156   0.0001389379   0.0000056827   0.0001908608   0.0050669493   0.0108139720
157   0.0001389960   0.0000057164   0.0001908146   0.0048079067   0.0108139711
158   0.0001391158   0.0000057509   0.0001907821   0.0042104950   0.0108139744
159   0.0001392099   0.0000057855   0.0001907526   0.0033848217   0.0108139773
160   0.0001390279   0.0000058198   0.0001907195   0.0047802020   0.0108139931
161   0.0001391458   0.0000058545   0.0001906922   0.0040713585   0.0108140358
162   0.0001391148   0.0000058888   0.0001906591   0.0034306373   0.0108140456
163   0.0001389604   0.0000059228   0.0001906210   0.0028765061   0.0108140630
164   0.0001386707   0.0000059563   0.0001905750   0.0030659555   0.0108140681
165   0.0001386740   0.0000059898   0.0001905296   0.0035488221   0.0108140749
166   0.0001386313   0.0000060229   0.0001904791   0.0028914839   0.0108140987
167   0.0001384186   0.0000060568   0.0001904429   0.0034415788   0.0108140932
168   0.0001385135   0.0000060895   0.0001903863   0.0040112596   0.0108141026
169   0.0001385461   0.0000061239   0.0001903572   0.0036560107   0.0108140960
170   0.0001386143   0.0000061569   0.0001903076   0.0042067986   0.0108141302
171   0.0001385046   0.0000061910   0.0001902746   0.0036241905   0.0108141524
172   0.0001381699   0.0000062239   0.0001902247   0.0027695287   0.0108141809
173   0.0001379416   0.0000062589   0.0001902065   0.0027147891   0.0108142161
174   0.0001378199   0.0000062929   0.0001901733   0.0028832894   0.0108142136
175   0.0001374792   0.0000063253   0.0001901175   0.0029712122   0.0108142220
176   0.0001373657   0.0000063583   0.0001900697   0.0028800250   0.0108142191
177   0.0001370763   0.0000063920   0.0001900344   0.0023427691   0.0108142098
178   0.0001369325   0.0000064256   0.0001899969   0.0026324516   0.0108142068
179   0.0001368950   0.0000064587   0.0001899524   0.0029709421   0.0108142188
180   0.0001370038   0.0000064919   0.0001899110   0.0045494266   0.0108142400
181   0.0001369654   0.0000065253   0.0001898720   0.0029775337   0.0108142443
182   0.0001370393   0.0000065581   0.0001898244   0.0034029237   0.0108142267
183   0.0001368795   0.0000065912   0.0001897823   0.0024089444   0.0108142448
184   0.0001367983   0.0000066243   0.0001897403   0.0028502524   0.0108142272
185   0.0001367573   0.0000066573   0.0001896978   0.0034616293   0.0108142019
186   0.0001366943   0.0000066896   0.0001896462   0.0027258369   0.0108141813
187   0.0001366545   0.0000067221   0.0001895976   0.0025308406   0.0108141787
188   0.0001365163   0.0000067556   0.0001895623   0.0026717640   0.0108142074
189   0.0001363647   0.0000067869   0.0001894985   0.0027222858   0.0108142147
190   0.0001363754   0.0000068200   0.0001894584   0.0029510786   0.0108142079
191   0.0001363014   0.0000068524   0.0001894113   0.0023434485   0.0108142212
192   0.0001362585   0.0000068840   0.0001893518   0.0036975757   0.0108142066
193   0.0001362154   0.0000069156   0.0001892931   0.0038185846   0.0108141997
194   0.0001362839   0.0000069480   0.0001892472   0.0029575247   0.0108141749
195   0.0001363093   0.0000069808   0.0001892066   0.0044137086   0.0108141977
196   0.0001363910   0.0000070132   0.0001891605   0.0035761956   0.0108142141
197   0.0001362945   0.0000070469   0.0001891328   0.0025931197   0.0108142036
198   0.0001359507   0.0000070799   0.0001890948   0.0032271098   0.0108142155
199   0.0001359899   0.0000071129   0.0001890587   0.0029024323   0.0108142130
200   0.0001358804   0.0000071463   0.0001890273   0.0037318862   0.0108141774
201   0.0001360122   0.0000071792   0.0001889900   0.0022627110   0.0108141698
202   0.0001357360   0.0000072120   0.0001889518   0.0023723682   0.0108141737
203   0.0001357888   0.0000072453   0.0001889206   0.0031669750   0.0108141681
204   0.0001358269   0.0000072782   0.0001888843   0.0034705777   0.0108141742
205   0.0001358867   0.0000073105   0.0001888407   0.0027858104   0.0108141694
206   0.0001357312   0.0000073438   0.0001888104   0.0029356628   0.0108141836
207   0.0001356265   0.0000073757   0.0001887628   0.0036106895   0.0108141899
208   0.0001354791   0.0000074078   0.0001887182   0.0032380105   0.0108142143
209   0.0001352652   0.0000074404   0.0001886790   0.0030710524   0.0108142147
210   0.0001352076   0.0000074735   0.0001886477   0.0040553979   0.0108142023
211   0.0001351579   0.0000075051   0.0001885980   0.0027170026   0.0108141953
212   0.0001350663   0.0000075371   0.0001885531   0.0030629534   0.0108142064
213   0.0001353322   0.0000075695   0.0001885144   0.0022681793   0.0108141930
214   0.0001352804   0.0000076016   0.0001884712   0.0019554658   0.0108142045
215   0.0001350142   0.0000076330   0.0001884204   0.0026565332   0.0108141950
216   0.0001348893   0.0000076653   0.0001883809   0.0031240495   0.0108141829
217   0.0001347221   0.0000076963   0.0001883262   0.0029261092   0.0108141738
218   0.0001345572   0.0000077275   0.0001882739   0.0025098934   0.0108141660
219   0.0001344178   0.0000077594   0.0001882312   0.0026330908   0.0108141939
220   0.0001344235   0.0000077908   0.0001881831   0.0039733470   0.0108141912
221   0.0001341815   0.0000078233   0.0001881471   0.0035807915   0.0108142118
222   0.0001340453   0.0000078539   0.0001880907   0.0031490436   0.0108142152
223   0.0001341451   0.0000078869   0.0001880621   0.0026467082   0.0108142232
224   0.0001342333   0.0000079182   0.0001880138   0.0035423960   0.0108142310
225   0.0001341456   0.0000079490   0.0001879599   0.0041714475   0.0108142614
226   0.0001339635   0.0000079803   0.0001879126   0.0036845160   0.0108142657
227   0.0001339257   0.0000080110   0.0001878578   0.0031187371   0.0108143071
228   0.0001340676   0.0000080427   0.0001878168   0.0032626730   0.0108143084
229   0.0001340447   0.0000080749   0.0001877802   0.0031166064   0.0108142894
230   0.0001342166   0.0000081063   0.0001877364   0.0031235124   0.0108142873
231   0.0001341938   0.0000081381   0.0001876962   0.0025327660   0.0108142925
232   0.0001337906   0.0000081699   0.0001876569   0.0026323844   0.0108142976
233   0.0001335757   0.0000082011   0.0001876114   0.0024578938   0.0108143100
234   0.0001336260   0.0000082324   0.0001875665   0.0026497574   0.0108142980
235   0.0001335365   0.0000082637   0.0001875220   0.0024505080   0.0108143262
236   0.0001334558   0.0000082959   0.0001874889   0.0026207774   0.0108143170
237   0.0001334404   0.0000083275   0.0001874488   0.0027462148   0.0108143290
238   0.0001334056   0.0000083588   0.0001874064   0.0033814398   0.0108143394
239   0.0001334129   0.0000083907   0.0001873700   0.0027032934   0.0108143594
240   0.0001335415   0.0000084239   0.0001873489   0.0069742384   0.0108143846
241   0.0001332998   0.0000084549   0.0001873035   0.0022216070   0.0108143744
242   0.0001331704   0.0000084860   0.0001872597   0.0023094140   0.0108143739
243   0.0001330686   0.0000085187   0.0001872331   0.0025003532   0.0108143706
244   0.0001329071   0.0000085500   0.0001871923   0.0017930148   0.0108143495
245   0.0001326394   0.0000085807   0.0001871453   0.0017064846   0.0108143217
246   0.0001323319   0.0000086122   0.0001871066   0.0018525682   0.0108143409
247   0.0001322041   0.0000086433   0.0001870640   0.0030941836   0.0108143547
248   0.0001321455   0.0000086740   0.0001870180   0.0023975199   0.0108143366
249   0.0001318568   0.0000087055   0.0001869807   0.0019009161   0.0108143452
250   0.0001315596   0.0000087358   0.0001869306   0.0017189443   0.0108143576
251   0.0001312259   0.0000087669   0.0001868904   0.0012072597   0.0108143482
252   0.0001308634   0.0000087977   0.0001868457   0.0022160365   0.0108143715
253   0.0001307422   0.0000088279   0.0001867959   0.0025077089   0.0108143810
254   0.0001307888   0.0000088593   0.0001867592   0.0018179538   0.0108143793
255   0.0001307298   0.0000088903   0.0001867190   0.0036712341   0.0108143803
256   0.0001305315   0.0000089208   0.0001866727   0.0025051067   0.0108143971
257   0.0001302866   0.0000089495   0.0001866096   0.0023091482   0.0108144212
258   0.0001302591   0.0000089810   0.0001865741   0.0020016724   0.0108144143
259   0.0001301955   0.0000090123   0.0001865384   0.0028437320   0.0108143893
260   0.0001302052   0.0000090431   0.0001864966   0.0033725481   0.0108143932
261   0.0001299202   0.0000090741   0.0001864583   0.0026887119   0.0108143989
262   0.0001297434   0.0000091054   0.0001864228   0.0021328280   0.0108144140
263   0.0001295806   0.0000091361   0.0001863818   0.0021231620   0.0108144330
264   0.0001295717   0.0000091654   0.0001863264   0.0025730795   0.0108144574
265   0.0001294909   0.0000091957   0.0001862814   0.0026476188   0.0108144772
266   0.0001294339   0.0000092260   0.0001862367   0.0024432794   0.0108144833
267   0.0001292100   0.0000092568   0.0001861981   0.0024847524   0.0108145040
268   0.0001290076   0.0000092875   0.0001861583   0.0024549567   0.0108144899
269   0.0001288356   0.0000093170   0.0001861064   0.0016524170   0.0108145088
270   0.0001288448   0.0000093484   0.0001860749   0.0026603727   0.0108145235
271   0.0001286111   0.0000093787   0.0001860313   0.0016350860   0.0108145105
272   0.0001285085   0.0000094085   0.0001859840   0.0015034618   0.0108145302
273   0.0001284946   0.0000094395   0.0001859491   0.0014038391   0.0108144850
274   0.0001282477   0.0000094700   0.0001859084   0.0012959399   0.0108144889
275   0.0001278997   0.0000094988   0.0001858528   0.0018897711   0.0108144826
276   0.0001276175   0.0000095284   0.0001858038   0.0024376782   0.0108144440
277   0.0001275372   0.0000095586   0.0001857623   0.0015814615   0.0108144475
278   0.0001275973   0.0000095891   0.0001857238   0.0011841109   0.0108144678
279   0.0001274930   0.0000096191   0.0001856804   0.0023254804   0.0108144816
280   0.0001275701   0.0000096490   0.0001856357   0.0030064197   0.0108144575
281   0.0001277343   0.0000096789   0.0001855927   0.0016594456   0.0108144673
282   0.0001275752   0.0000097088   0.0001855484   0.0024174707   0.0108144746
283   0.0001278188   0.0000097382   0.0001855006   0.0020665676   0.0108144820
284   0.0001278576   0.0000097686   0.0001854626   0.0020496359   0.0108144769
285   0.0001277966   0.0000097989   0.0001854240   0.0033807909   0.0108144976
286   0.0001278894   0.0000098290   0.0001853835   0.0027562940   0.0108144926
287   0.0001278092   0.0000098598   0.0001853505   0.0023060111   0.0108144941
288   0.0001278501   0.0000098891   0.0001853025   0.0027457793   0.0108145122
289   0.0001276800   0.0000099186   0.0001852577   0.0023983668   0.0108145344
290   0.0001275129   0.0000099481   0.0001852133   0.0021088567   0.0108145556
291   0.0001273173   0.0000099771   0.0001851639   0.0021995201   0.0108145518
292   0.0001272756   0.0000100076   0.0001851289   0.0022850149   0.0108145558
293   0.0001273164   0.0000100375   0.0001850885   0.0017735028   0.0108145438
294   0.0001271879   0.0000100670   0.0001850447   0.0024032890   0.0108145623
295   0.0001272939   0.0000100972   0.0001850072   0.0023817248   0.0108145675
296   0.0001272742   0.0000101275   0.0001849715   0.0021428213   0.0108145929
297   0.0001271492   0.0000101575   0.0001849337   0.0027241230   0.0108146184
298   0.0001270863   0.0000101879   0.0001848990   0.0022026432   0.0108146467
299   0.0001267171   0.0000102166   0.0001848491   0.0029175675   0.0108146674
300   0.0001267782   0.0000102472   0.0001848166   0.0039830161   0.0108146782
301   0.0001266573   0.0000102774   0.0001847816   0.0030815756   0.0108146945
302   0.0001269052   0.0000103071   0.0001847416   0.0025428590   0.0108146622
303   0.0001270819   0.0000103369   0.0001847028   0.0023520020   0.0108146894
304   0.0001269835   0.0000103680   0.0001846757   0.0029724152   0.0108146986
305   0.0001269019   0.0000103980   0.0001846399   0.0024092530   0.0108146879
306   0.0001269541   0.0000104265   0.0001845905   0.0035418686   0.0108146919
307   0.0001271958   0.0000104552   0.0001845428   0.0027590964   0.0108146999
308   0.0001272827   0.0000104852   0.0001845068   0.0034858544   0.0108147194
309   0.0001275164   0.0000105143   0.0001844635   0.0025859332   0.0108147114
310   0.0001275760   0.0000105466   0.0001844488   0.0030004522   0.0108147059
311   0.0001276754   0.0000105767   0.0001844141   0.0017880470   0.0108146906
312   0.0001276021   0.0000106083   0.0001843934   0.0026522039   0.0108147032
313   0.0001275851   0.0000106395   0.0001843690   0.0018727251   0.0108147054
314   0.0001275110   0.0000106682   0.0001843231   0.0018329574   0.0108147180
315   0.0001274002   0.0000106974   0.0001842824   0.0028490973   0.0108147465
316   0.0001275132   0.0000107279   0.0001842528   0.0025477252   0.0108147435
317   0.0001273448   0.0000107590   0.0001842283   0.0015130906   0.0108147423
318   0.0001273197   0.0000107880   0.0001841863   0.0023019110   0.0108147635
319   0.0001272214   0.0000108195   0.0001841651   0.0026399541   0.0108147840
320   0.0001272233   0.0000108495   0.0001841325   0.0025431986   0.0108147927
321   0.0001272302   0.0000108783   0.0001840887   0.0015549367   0.0108147816
322   0.0001272668   0.0000109096   0.0001840671   0.0012476610   0.0108147843
323   0.0001271729   0.0000109385   0.0001840257   0.0021004766   0.0108148056
324   0.0001270493   0.0000109673   0.0001839827   0.0022955268   0.0108147980
325   0.0001270052   0.0000109970   0.0001839484   0.0023158973   0.0108147894
326   0.0001267686   0.0000110257   0.0001839054   0.0014154450   0.0108147986
327   0.0001267678   0.0000110534   0.0001838547   0.0012060612   0.0108147965
328   0.0001265682   0.0000110817   0.0001838088   0.0016494916   0.0108147897
329   0.0001264594   0.0000111110   0.0001837717   0.0024980138   0.0108147819
330   0.0001264838   0.0000111394   0.0001837276   0.0031697726   0.0108147955
331   0.0001265390   0.0000111685   0.0001836894   0.0030206169   0.0108148249
332   0.0001265310   0.0000111972   0.0001836475   0.0030218642   0.0108148400
333   0.0001264986   0.0000112262   0.0001836092   0.0026475405   0.0108148397
334   0.0001265661   0.0000112547   0.0001835668   0.0019572466   0.0108148330
335   0.0001263909   0.0000112825   0.0001835186   0.0021062549   0.0108148457
336   0.0001263341   0.0000113110   0.0001834771   0.0024545040   0.0108148683
337   0.0001263262   0.0000113405   0.0001834429   0.0021781021   0.0108148738
338   0.0001263434   0.0000113695   0.0001834052   0.0029010278   0.0108148718
339   0.0001264931   0.0000114004   0.0001833838   0.0021202437   0.0108148772
340   0.0001268306   0.0000114279   0.0001833347   0.0033180904   0.0108148834
341   0.0001268984   0.0000114588   0.0001833125   0.0026706275   0.0108148839
342   0.0001267635   0.0000114875   0.0001832732   0.0025301556   0.0108148866
343   0.0001266629   0.0000115182   0.0001832508   0.0019329068   0.0108149091
344   0.0001264158   0.0000115487   0.0001832261   0.0025164702   0.0108149045
345   0.0001263752   0.0000115788   0.0001831986   0.0031883438   0.0108148964
346   0.0001262419   0.0000116089   0.0001831717   0.0022509766   0.0108149044
347   0.0001261868   0.0000116399   0.0001831512   0.0024437248   0.0108148812
348   0.0001262041   0.0000116698   0.0001831225   0.0023878120   0.0108148571
349   0.0001261999   0.0000117002   0.0001830982   0.0023858851   0.0108148564
350   0.0001260604   0.0000117306   0.0001830739   0.0028627361   0.0108148179
351   0.0001261409   0.0000117616   0.0001830543   0.0031158601   0.0108147767
352   0.0001262884   0.0000117909   0.0001830216   0.0031087851   0.0108147759
353   0.0001263790   0.0000118206   0.0001829919   0.0031754952   0.0108147477
354   0.0001263688   0.0000118505   0.0001829644   0.0022158414   0.0108147191
355   0.0001262259   0.0000118795   0.0001829303   0.0024014337   0.0108147057
356   0.0001258330   0.0000119083   0.0001828938   0.0019143235   0.0108147226
357   0.0001257943   0.0000119399   0.0001828798   0.0019669208   0.0108147447
358   0.0001259203   0.0000119705   0.0001828580   0.0020834394   0.0108147547
359   0.0001256587   0.0000119997   0.0001828259   0.0024597677   0.0108147941
360   0.0001256257   0.0000120302   0.0001828040   0.0054582027   0.0108147760
361   0.0001255885   0.0000120598   0.0001827745   0.0020797184   0.0108147590
362   0.0001254585   0.0000120880   0.0001827354   0.0015622320   0.0108147669
363   0.0001254727   0.0000121174   0.0001827051   0.0019485093   0.0108147773
364   0.0001252297   0.0000121455   0.0001826660   0.0019413640   0.0108147752
365   0.0001250286   0.0000121734   0.0001826247   0.0019097778   0.0108147692
366   0.0001248357   0.0000122038   0.0001826026   0.0012762111   0.0108147113
367   0.0001247190   0.0000122316   0.0001825615   0.0010163574   0.0108146975
368   0.0001245544   0.0000122604   0.0001825273   0.0013002955   0.0108147149
369   0.0001245777   0.0000122896   0.0001824967   0.0007372852   0.0108146950
370   0.0001242073   0.0000123186   0.0001824651   0.0015240621   0.0108146946
371   0.0001240636   0.0000123454   0.0001824168   0.0010961867   0.0108146987
372   0.0001239878   0.0000123734   0.0001823781   0.0010151265   0.0108146702
373   0.0001238722   0.0000124023   0.0001823463   0.0013886173   0.0108146711
374   0.0001236931   0.0000124322   0.0001823219   0.0019868400   0.0108146876
375   0.0001237798   0.0000124612   0.0001822906   0.0027911022   0.0108146679
376   0.0001235375   0.0000124877   0.0001822414   0.0022736943   0.0108146911
377   0.0001236030   0.0000125181   0.0001822214   0.0017749515   0.0108147038
378   0.0001236451   0.0000125477   0.0001821949   0.0013411834   0.0108147403
379   0.0001235768   0.0000125753   0.0001821541   0.0016664403   0.0108147608
380   0.0001235079   0.0000126032   0.0001821159   0.0031088266   0.0108147831
381   0.0001234800   0.0000126316   0.0001820819   0.0027130349   0.0108147742
382   0.0001235620   0.0000126604   0.0001820509   0.0022901383   0.0108147762
383   0.0001234113   0.0000126874   0.0001820066   0.0024282000   0.0108147532
384   0.0001233637   0.0000127148   0.0001819652   0.0020770588   0.0108147577
385   0.0001234347   0.0000127432   0.0001819318   0.0029323224   0.0108147474
386   0.0001235443   0.0000127722   0.0001819029   0.0020086248   0.0108147500
387   0.0001235479   0.0000128008   0.0001818705   0.0018140667   0.0108147424
388   0.0001233652   0.0000128283   0.0001818310   0.0019562830   0.0108147101
389   0.0001233539   0.0000128552   0.0001817880   0.0020391876   0.0108146859
390   0.0001233123   0.0000128818   0.0001817420   0.0025214135   0.0108146722
391   0.0001229698   0.0000129097   0.0001817064   0.0020055898   0.0108146641
392   0.0001228304   0.0000129378   0.0001816717   0.0019401188   0.0108146624
393   0.0001228078   0.0000129664   0.0001816409   0.0015085580   0.0108146838
394   0.0001227704   0.0000129946   0.0001816077   0.0014591865   0.0108146760
395   0.0001227499   0.0000130227   0.0001815735   0.0018227970   0.0108146757
396   0.0001226488   0.0000130512   0.0001815424   0.0027525956   0.0108146537
397   0.0001228729   0.0000130803   0.0001815153   0.0020235534   0.0108146352
398   0.0001226907   0.0000131084   0.0001814818   0.0017043664   0.0108146215
399   0.0001226920   0.0000131367   0.0001814498   0.0025905737   0.0108146060
400   0.0001229015   0.0000131647   0.0001814159   0.0031622423   0.0108145874
401   0.0001230615   0.0000131924   0.0001813804   0.0021428504   0.0108145958
402   0.0001228007   0.0000132204   0.0001813466   0.0015568281   0.0108146098
403   0.0001225309   0.0000132501   0.0001813246   0.0017085555   0.0108146095
404   0.0001222315   0.0000132779   0.0001812904   0.0008837734   0.0108145566
405   0.0001219464   0.0000133063   0.0001812600   0.0023648670   0.0108145450
406   0.0001218953   0.0000133343   0.0001812270   0.0011449811   0.0108145469
407   0.0001219164   0.0000133622   0.0001811933   0.0012644077   0.0108145266
408   0.0001221194   0.0000133924   0.0001811754   0.0021161627   0.0108145194
409   0.0001221373   0.0000134195   0.0001811365   0.0015319691   0.0108145238
410   0.0001220304   0.0000134469   0.0001811004   0.0025438767   0.0108145149
411   0.0001219513   0.0000134748   0.0001810677   0.0026451965   0.0108145214
412   0.0001218750   0.0000135026   0.0001810342   0.0025410880   0.0108145089
413   0.0001219354   0.0000135320   0.0001810112   0.0024797335   0.0108144955
414   0.0001220449   0.0000135598   0.0001809785   0.0024042836   0.0108144791
415   0.0001220107   0.0000135885   0.0001809513   0.0024842207   0.0108144844
416   0.0001222556   0.0000136180   0.0001809295   0.0027628631   0.0108144866
417   0.0001220288   0.0000136470   0.0001809052   0.0012401862   0.0108144759
418   0.0001219470   0.0000136762   0.0001808816   0.0019036949   0.0108144529
419   0.0001217948   0.0000137049   0.0001808549   0.0019319781   0.0108144665
420   0.0001215523   0.0000137355   0.0001808415   0.0038929199   0.0108144721
421   0.0001214822   0.0000137651   0.0001808209   0.0027241389   0.0108144769
422   0.0001215251   0.0000137937   0.0001807942   0.0023862464   0.0108144748
423   0.0001214073   0.0000138235   0.0001807749   0.0026681414   0.0108144614
424   0.0001215246   0.0000138529   0.0001807535   0.0023562964   0.0108144510
425   0.0001217789   0.0000138808   0.0001807231   0.0026079443   0.0108144373
426   0.0001216426   0.0000139101   0.0001807009   0.0025313893   0.0108144227
427   0.0001218040   0.0000139383   0.0001806723   0.0026239172   0.0108144111
428   0.0001217839   0.0000139667   0.0001806446   0.0017212063   0.0108143895
429   0.0001217180   0.0000139951   0.0001806173   0.0022964641   0.0108143679
430   0.0001214598   0.0000140236   0.0001805908   0.0026217977   0.0108143701
431   0.0001216086   0.0000140523   0.0001805654   0.0020796141   0.0108143328
432   0.0001216007   0.0000140817   0.0001805454   0.0026576169   0.0108143500
433   0.0001216734   0.0000141106   0.0001805215   0.0025695815   0.0108143621
434   0.0001219017   0.0000141400   0.0001805011   0.0028511701   0.0108143664
435   0.0001220689   0.0000141694   0.0001804809   0.0036987628   0.0108143492
436   0.0001221008   0.0000141983   0.0001804574   0.0028181075   0.0108143688
437   0.0001220225   0.0000142271   0.0001804338   0.0025634572   0.0108143637
438   0.0001222153   0.0000142546   0.0001804018   0.0027510992   0.0108143891
439   0.0001219866   0.0000142834   0.0001803781   0.0018733457   0.0108144014
440   0.0001221279   0.0000143108   0.0001803459   0.0033432029   0.0108143971
441   0.0001224282   0.0000143392   0.0001803196   0.0028372780   0.0108143907
442   0.0001224358   0.0000143667   0.0001802883   0.0026029220   0.0108143965
443   0.0001222986   0.0000143961   0.0001802690   0.0021334537   0.0108143848
444   0.0001223224   0.0000144251   0.0001802467   0.0021038092   0.0108143993
445   0.0001223583   0.0000144543   0.0001802264   0.0023980991   0.0108144028
446   0.0001222632   0.0000144827   0.0001802013   0.0019807826   0.0108143728
447   0.0001221533   0.0000145130   0.0001801874   0.0021684912   0.0108143338
448   0.0001221536   0.0000145419   0.0001801657   0.0027789840   0.0108143082
449   0.0001224460   0.0000145710   0.0001801445   0.0025649119   0.0108142916
450   0.0001224547   0.0000145990   0.0001801170   0.0030876828   0.0108142849
451   0.0001224126   0.0000146281   0.0001800965   0.0034359520   0.0108142642
452   0.0001223073   0.0000146558   0.0001800674   0.0031696019   0.0108142699
453   0.0001224761   0.0000146848   0.0001800466   0.0028472753   0.0108142831
454   0.0001224805   0.0000147119   0.0001800143   0.0024648014   0.0108142993
455   0.0001224426   0.0000147412   0.0001799948   0.0034755024   0.0108142964
456   0.0001225399   0.0000147705   0.0001799762   0.0034720498   0.0108143136
457   0.0001224575   0.0000147990   0.0001799528   0.0020631881   0.0108143005
458   0.0001221188   0.0000148279   0.0001799317   0.0020016105   0.0108143177
459   0.0001218585   0.0000148578   0.0001799165   0.0026057041   0.0108143361
460   0.0001218687   0.0000148863   0.0001798929   0.0029546609   0.0108143464
461   0.0001217305   0.0000149152   0.0001798723   0.0022315650   0.0108143669
462   0.0001217428   0.0000149426   0.0001798423   0.0027557647   0.0108143758
463   0.0001217289   0.0000149708   0.0001798174   0.0017333851   0.0108143719
464   0.0001215135   0.0000150001   0.0001797995   0.0012956688   0.0108143621
465   0.0001212735   0.0000150294   0.0001797812   0.0026066610   0.0108143422
466   0.0001211646   0.0000150555   0.0001797439   0.0011953832   0.0108143463
467   0.0001209992   0.0000150822   0.0001797105   0.0010259517   0.0108143472
468   0.0001208591   0.0000151094   0.0001796804   0.0026809315   0.0108143513
469   0.0001207356   0.0000151356   0.0001796444   0.0017580964   0.0108143387
470   0.0001207893   0.0000151641   0.0001796220   0.0020036242   0.0108143380
471   0.0001207629   0.0000151924   0.0001795982   0.0019383232   0.0108143574
472   0.0001206304   0.0000152210   0.0001795771   0.0019934069   0.0108143609
473   0.0001206359   0.0000152487   0.0001795501   0.0010399439   0.0108143645
474   0.0001203444   0.0000152781   0.0001795337   0.0017544530   0.0108143499
475   0.0001201192   0.0000153051   0.0001795029   0.0011300991   0.0108143623
476   0.0001198698   0.0000153346   0.0001794868   0.0008124204   0.0108143625
477   0.0001195699   0.0000153650   0.0001794764   0.0014066398   0.0108143591
478   0.0001194478   0.0000153941   0.0001794579   0.0007716845   0.0108143470
479   0.0001194612   0.0000154211   0.0001794277   0.0011345645   0.0108143681
480   0.0001194256   0.0000154502   0.0001794100   0.0047899225   0.0108143654
481   0.0001195741   0.0000154786   0.0001793882   0.0017992110   0.0108143681
482   0.0001194998   0.0000155092   0.0001793789   0.0015505711   0.0108143719
483   0.0001193427   0.0000155382   0.0001793602   0.0020272333   0.0108143497
484   0.0001191026   0.0000155665   0.0001793379   0.0019608572   0.0108143528
485   0.0001188428   0.0000155942   0.0001793124   0.0021537343   0.0108143441
486   0.0001189002   0.0000156226   0.0001792908   0.0029741374   0.0108143416
487   0.0001188851   0.0000156505   0.0001792667   0.0023530410   0.0108143397
488   0.0001190277   0.0000156774   0.0001792370   0.0020509151   0.0108143521
489   0.0001189119   0.0000157061   0.0001792173   0.0018283940   0.0108143583
490   0.0001190344   0.0000157342   0.0001791944   0.0028213481   0.0108143558
491   0.0001191043   0.0000157603   0.0001791602   0.0029106094   0.0108143733
492   0.0001193034   0.0000157885   0.0001791380   0.0029427592   0.0108143835
493   0.0001192493   0.0000158177   0.0001791216   0.0025059321   0.0108143860
494   0.0001192578   0.0000158481   0.0001791121   0.0028771398   0.0108143773
495   0.0001192977   0.0000158762   0.0001790897   0.0031771072   0.0108144023
496   0.0001194751   0.0000159035   0.0001790630   0.0021688802   0.0108144308
497   0.0001193911   0.0000159309   0.0001790366   0.0019284225   0.0108144348
498   0.0001192672   0.0000159584   0.0001790113   0.0021251244   0.0108144458
499   0.0001193580   0.0000159874   0.0001789939   0.0023664172   0.0108144428
500   0.0001192778   0.0000160135   0.0001789607   0.0032038461   0.0108144354
501   0.0001194286   0.0000160413   0.0001789376   0.0021313197   0.0108144315
502   0.0001194343   0.0000160698   0.0001789177   0.0026337812   0.0108144430
503   0.0001195670   0.0000160989   0.0001789014   0.0027723752   0.0108144763
504   0.0001196883   0.0000161277   0.0001788840   0.0026739440   0.0108144805
505   0.0001198767   0.0000161582   0.0001788756   0.0029714705   0.0108144955
506   0.0001199949   0.0000161886   0.0001788666   0.0031043685   0.0108144942
507   0.0001199154   0.0000162170   0.0001788467   0.0029681933   0.0108144777
508   0.0001200501   0.0000162452   0.0001788261   0.0025833626   0.0108144962
509   0.0001199223   0.0000162745   0.0001788113   0.0030351656   0.0108145165
510   0.0001201797   0.0000163018   0.0001787858   0.0036239563   0.0108145193
511   0.0001202484   0.0000163285   0.0001787568   0.0019343344   0.0108145190
512   0.0001200546   0.0000163562   0.0001787338   0.0019885097   0.0108145124
513   0.0001197220   0.0000163845   0.0001787137   0.0025411674   0.0108145063
514   0.0001199905   0.0000164133   0.0001786964   0.0021409490   0.0108145051
515   0.0001201209   0.0000164412   0.0001786748   0.0027319780   0.0108145241
516   0.0001203492   0.0000164708   0.0001786621   0.0023374958   0.0108145233
517   0.0001205060   0.0000164999   0.0001786471   0.0023528733   0.0108145308
518   0.0001205443   0.0000165280   0.0001786263   0.0020617096   0.0108145485
519   0.0001206626   0.0000165567   0.0001786088   0.0021788837   0.0108145592
520   0.0001207477   0.0000165855   0.0001785921   0.0037060854   0.0108145671
521   0.0001209049   0.0000166155   0.0001785820   0.0019277200   0.0108145929
522   0.0001208298   0.0000166437   0.0001785621   0.0017246521   0.0108145660
523   0.0001210537   0.0000166717   0.0001785416   0.0018339674   0.0108145640
524   0.0001210325   0.0000167013   0.0001785291   0.0022588808   0.0108145675
525   0.0001210326   0.0000167298   0.0001785111   0.0034085067   0.0108145601
526   0.0001213341   0.0000167553   0.0001784772   0.0029255751   0.0108145555
527   0.0001214439   0.0000167820   0.0001784502   0.0021001772   0.0108145421
528   0.0001214656   0.0000168111   0.0001784355   0.0029133312   0.0108145615
529   0.0001215139   0.0000168395   0.0001784173   0.0021193518   0.0108145507
530   0.0001213756   0.0000168674   0.0001783965   0.0023684658   0.0108145337
531   0.0001215756   0.0000168947   0.0001783727   0.0018748204   0.0108145462
532   0.0001216411   0.0000169245   0.0001783620   0.0021838454   0.0108145423
533   0.0001213532   0.0000169546   0.0001783529   0.0018535204   0.0108145508
534   0.0001212523   0.0000169820   0.0001783299   0.0019702777   0.0108145391
535   0.0001211782   0.0000170107   0.0001783134   0.0018984096   0.0108145296
536   0.0001212377   0.0000170379   0.0001782895   0.0025800661   0.0108145179
537   0.0001208988   0.0000170654   0.0001782669   0.0013279473   0.0108145199
538   0.0001205699   0.0000170947   0.0001782541   0.0018830007   0.0108145305
539   0.0001203844   0.0000171229   0.0001782354   0.0018710224   0.0108145517
540   0.0001202878   0.0000171507   0.0001782147   0.0029034457   0.0108145679
541   0.0001203744   0.0000171792   0.0001781980   0.0013897912   0.0108145470
542   0.0001205235   0.0000172077   0.0001781814   0.0011391408   0.0108145514
543   0.0001203162   0.0000172360   0.0001781634   0.0010677178   0.0108145620
544   0.0001204911   0.0000172632   0.0001781397   0.0013264573   0.0108145489
545   0.0001203737   0.0000172919   0.0001781244   0.0015379074   0.0108145494
546   0.0001204729   0.0000173223   0.0001781176   0.0016442179   0.0108145478
547   0.0001205523   0.0000173498   0.0001780956   0.0013992898   0.0108145591
548   0.0001205090   0.0000173769   0.0001780722   0.0021224757   0.0108145658
549   0.0001206067   0.0000174043   0.0001780502   0.0012495858   0.0108145659
550   0.0001207673   0.0000174320   0.0001780296   0.0022726400   0.0108145581
551   0.0001208506   0.0000174596   0.0001780086   0.0016374007   0.0108145556
552   0.0001209245   0.0000174871   0.0001779875   0.0014565604   0.0108145481
553   0.0001208760   0.0000175165   0.0001779761   0.0014145782   0.0108145530
554   0.0001209856   0.0000175442   0.0001779558   0.0015151499   0.0108145456
555   0.0001209826   0.0000175721   0.0001779364   0.0025669693   0.0108145379
556   0.0001208824   0.0000176005   0.0001779203   0.0018804944   0.0108145529
557   0.0001211175   0.0000176301   0.0001779100   0.0017038142   0.0108145789
558   0.0001211714   0.0000176576   0.0001778891   0.0020480772   0.0108145948
559   0.0001212653   0.0000176855   0.0001778700   0.0020571584   0.0108145537
560   0.0001214462   0.0000177145   0.0001778568   0.0022672801   0.0108145893
561   0.0001215964   0.0000177431   0.0001778418   0.0024311217   0.0108145916
562   0.0001215602   0.0000177704   0.0001778199   0.0016738454   0.0108146153
563   0.0001217809   0.0000177974   0.0001777969   0.0015618362   0.0108146289
564   0.0001217783   0.0000178273   0.0001777881   0.0005848677   0.0108146401
565   0.0001216926   0.0000178546   0.0001777669   0.0008170786   0.0108146569
566   0.0001217479   0.0000178830   0.0001777508   0.0015973995   0.0108146738
567   0.0001218470   0.0000179119   0.0001777378   0.0011825914   0.0108146875
568   0.0001217754   0.0000179404   0.0001777221   0.0013643377   0.0108146902
569   0.0001217991   0.0000179682   0.0001777035   0.0013417920   0.0108146963
570   0.0001218398   0.0000179956   0.0001776827   0.0025942222   0.0108147153
571   0.0001218263   0.0000180245   0.0001776700   0.0010707236   0.0108147348
572   0.0001216708   0.0000180532   0.0001776556   0.0019261744   0.0108147607
573   0.0001215901   0.0000180827   0.0001776455   0.0017124415   0.0108147924
574   0.0001217035   0.0000181118   0.0001776337   0.0018721640   0.0108147969
575   0.0001217416   0.0000181395   0.0001776144   0.0016968618   0.0108147676
576   0.0001216783   0.0000181672   0.0001775956   0.0020478621   0.0108147404
577   0.0001215562   0.0000181943   0.0001775743   0.0021955406   0.0108146947
578   0.0001214287   0.0000182226   0.0001775585   0.0022721129   0.0108146990
579   0.0001212963   0.0000182487   0.0001775321   0.0011556399   0.0108147129
580   0.0001209623   0.0000182778   0.0001775201   0.0024779686   0.0108147205
581   0.0001209908   0.0000183047   0.0001774980   0.0016701855   0.0108147438
582   0.0001207314   0.0000183335   0.0001774849   0.0021088306   0.0108147328
583   0.0001205137   0.0000183595   0.0001774580   0.0022692315   0.0108147306
584   0.0001204173   0.0000183868   0.0001774379   0.0025941110   0.0108147016
585   0.0001202018   0.0000184151   0.0001774226   0.0029564509   0.0108146899
586   0.0001201206   0.0000184421   0.0001774010   0.0016923873   0.0108146762
587   0.0001201271   0.0000184698   0.0001773828   0.0019250258   0.0108146587
588   0.0001199932   0.0000184981   0.0001773679   0.0014764350   0.0108146599
589   0.0001200304   0.0000185255   0.0001773483   0.0025734175   0.0108146659
590   0.0001202186   0.0000185525   0.0001773270   0.0025546233   0.0108146685
591   0.0001203373   0.0000185792   0.0001773047   0.0014736108   0.0108146578
592   0.0001203127   0.0000186072   0.0001772882   0.0017237460   0.0108146704
593   0.0001202241   0.0000186358   0.0001772748   0.0017993031   0.0108146502
594   0.0001202265   0.0000186639   0.0001772587   0.0022673656   0.0108146637
595   0.0001202475   0.0000186919   0.0001772427   0.0018607728   0.0108146566
596   0.0001202052   0.0000187210   0.0001772316   0.0012873782   0.0108146518
597   0.0001203488   0.0000187486   0.0001772138   0.0019011126   0.0108146502
598   0.0001204507   0.0000187756   0.0001771931   0.0018162889   0.0108146546
599   0.0001204750   0.0000188022   0.0001771703   0.0011799796   0.0108146556
600   0.0001204663   0.0000188302   0.0001771545   0.0042600128   0.0108146694
601   0.0001205864   0.0000188592   0.0001771432   0.0019206034   0.0108146494
602   0.0001208342   0.0000188890   0.0001771356   0.0020394591   0.0108146488
603   0.0001206357   0.0000189170   0.0001771199   0.0008598511   0.0108146416
604   0.0001207511   0.0000189448   0.0001771033   0.0003900951   0.0108146336
605   0.0001207636   0.0000189737   0.0001770918   0.0011244247   0.0108146167
606   0.0001207565   0.0000190011   0.0001770735   0.0012390547   0.0108145979
607   0.0001206200   0.0000190273   0.0001770494   0.0019735206   0.0108145867
608   0.0001205667   0.0000190549   0.0001770319   0.0023622475   0.0108145741
609   0.0001208901   0.0000190821   0.0001770127   0.0024215389   0.0108145685
610   0.0001210781   0.0000191091   0.0001769925   0.0022363414   0.0108145669
611   0.0001212944   0.0000191391   0.0001769866   0.0028812874   0.0108145657
612   0.0001213799   0.0000191676   0.0001769736   0.0026807740   0.0108145571
613   0.0001215245   0.0000191935   0.0001769485   0.0018586016   0.0108145576
614   0.0001215786   0.0000192221   0.0001769360   0.0016865197   0.0108145156
615   0.0001216309   0.0000192492   0.0001769166   0.0019945699   0.0108144934
616   0.0001216637   0.0000192769   0.0001769000   0.0025049814   0.0108144835
617   0.0001217061   0.0000193041   0.0001768814   0.0027396681   0.0108144834
618   0.0001219455   0.0000193323   0.0001768674   0.0018839575   0.0108144709
619   0.0001221656   0.0000193613   0.0001768566   0.0021165464   0.0108144371
620   0.0001223849   0.0000193907   0.0001768485   0.0020057128   0.0108144483
621   0.0001223012   0.0000194185   0.0001768325   0.0017104459   0.0108144512
622   0.0001221665   0.0000194458   0.0001768146   0.0017554660   0.0108144369
623   0.0001222839   0.0000194749   0.0001768045   0.0022058314   0.0108144401
624   0.0001224274   0.0000195021   0.0001767864   0.0018798691   0.0108144532
625   0.0001224764   0.0000195297   0.0001767698   0.0014561026   0.0108144397
626   0.0001225524   0.0000195588   0.0001767600   0.0010729750   0.0108144409
627   0.0001223975   0.0000195860   0.0001767418   0.0017099863   0.0108144662
628   0.0001223391   0.0000196131   0.0001767230   0.0015129209   0.0108144822
629   0.0001223824   0.0000196417   0.0001767112   0.0020807870   0.0108144991
630   0.0001223618   0.0000196673   0.0001766860   0.0024594549   0.0108145332
631   0.0001223266   0.0000196965   0.0001766771   0.0021476655   0.0108145532
632   0.0001224176   0.0000197265   0.0001766716   0.0025512349   0.0108145551
633   0.0001226519   0.0000197565   0.0001766659   0.0023895753   0.0108145760
634   0.0001228667   0.0000197841   0.0001766500   0.0018424007   0.0108145643
635   0.0001229495   0.0000198122   0.0001766362   0.0021307483   0.0108145498
636   0.0001229711   0.0000198389   0.0001766161   0.0023731010   0.0108145284
637   0.0001229764   0.0000198647   0.0001765920   0.0019919012   0.0108145321
638   0.0001231597   0.0000198920   0.0001765749   0.0026093060   0.0108145182
639   0.0001234585   0.0000199213   0.0001765664   0.0020074745   0.0108145162
640   0.0001235924   0.0000199503   0.0001765570   0.0030301764   0.0108145345
641   0.0001236579   0.0000199792   0.0001765469   0.0027864644   0.0108145448
642   0.0001238039   0.0000200058   0.0001765269   0.0030607186   0.0108145480
643   0.0001237951   0.0000200336   0.0001765120   0.0032693520   0.0108145496
644   0.0001238775   0.0000200609   0.0001764947   0.0029589493   0.0108145683
645   0.0001240317   0.0000200911   0.0001764908   0.0027760491   0.0108145741
646   0.0001239468   0.0000201195   0.0001764786   0.0015945047   0.0108145839
647   0.0001238204   0.0000201473   0.0001764641   0.0015220950   0.0108146066
648   0.0001236645   0.0000201744   0.0001764463   0.0018619865   0.0108146111
649   0.0001236659   0.0000202028   0.0001764344   0.0021638148   0.0108146011
650   0.0001239564   0.0000202323   0.0001764274   0.0027520444   0.0108145977
651   0.0001236218   0.0000202584   0.0001764057   0.0021365553   0.0108145855
652   0.0001237264   0.0000202869   0.0001763940   0.0020588648   0.0108145566
653   0.0001237730   0.0000203146   0.0001763793   0.0015962685   0.0108145787
654   0.0001238510   0.0000203418   0.0001763625   0.0013951720   0.0108146110
655   0.0001239846   0.0000203692   0.0001763463   0.0020767497   0.0108146027
656   0.0001239821   0.0000203981   0.0001763368   0.0024872816   0.0108145596
657   0.0001240648   0.0000204278   0.0001763309   0.0019297842   0.0108145448
658   0.0001241266   0.0000204558   0.0001763176   0.0023371910   0.0108145320
659   0.0001240640   0.0000204843   0.0001763062   0.0017160517   0.0108145208
660   0.0001239357   0.0000205115   0.0001762896   0.0028952283   0.0108145147
661   0.0001238997   0.0000205389   0.0001762739   0.0017655472   0.0108145195
662   0.0001239083   0.0000205684   0.0001762669   0.0017386357   0.0108145153
663   0.0001237860   0.0000205990   0.0001762651   0.0017917254   0.0108144828
664   0.0001235497   0.0000206274   0.0001762539   0.0023020587   0.0108144890
665   0.0001234039   0.0000206575   0.0001762494   0.0021464276   0.0108144609
666   0.0001233919   0.0000206831   0.0001762263   0.0029652442   0.0108144672
667   0.0001234976   0.0000207123   0.0001762184   0.0025155186   0.0108144568
668   0.0001236259   0.0000207413   0.0001762099   0.0022565253   0.0108144318
669   0.0001236711   0.0000207687   0.0001761941   0.0031523672   0.0108144481
670   0.0001238972   0.0000207960   0.0001761784   0.0022541718   0.0108144540
671   0.0001240254   0.0000208263   0.0001761750   0.0024090932   0.0108144643
672   0.0001241254   0.0000208541   0.0001761617   0.0012865217   0.0108144525
673   0.0001241117   0.0000208818   0.0001761476   0.0016905575   0.0108144416
674   0.0001239869   0.0000209097   0.0001761341   0.0018640228   0.0108144232
675   0.0001241516   0.0000209373   0.0001761199   0.0023773660   0.0108144069
676   0.0001240110   0.0000209670   0.0001761144   0.0018860081   0.0108143981
677   0.0001238441   0.0000209934   0.0001760951   0.0014014782   0.0108143951
678   0.0001236934   0.0000210212   0.0001760815   0.0019758811   0.0108143907
679   0.0001237033   0.0000210482   0.0001760649   0.0016079600   0.0108143798
680   0.0001236155   0.0000210748   0.0001760465   0.0026465072   0.0108143764
681   0.0001235635   0.0000211012   0.0001760275   0.0021762006   0.0108144019
682   0.0001236191   0.0000211288   0.0001760133   0.0010231853   0.0108143950
683   0.0001235730   0.0000211582   0.0001760067   0.0012412647   0.0108144023
684   0.0001234294   0.0000211871   0.0001759979   0.0014286048   0.0108143896
685   0.0001234016   0.0000212149   0.0001759847   0.0016775070   0.0108143495
686   0.0001232570   0.0000212435   0.0001759750   0.0017333110   0.0108143272
687   0.0001232475   0.0000212743   0.0001759743   0.0019923437   0.0108143459
688   0.0001233939   0.0000213014   0.0001759585   0.0025119215   0.0108143476
689   0.0001236207   0.0000213307   0.0001759513   0.0027343964   0.0108143280
690   0.0001236725   0.0000213587   0.0001759393   0.0029929776   0.0108143234
691   0.0001237959   0.0000213837   0.0001759147   0.0014817244   0.0108142797
692   0.0001238521   0.0000214129   0.0001759078   0.0011511584   0.0108142761
693   0.0001238241   0.0000214422   0.0001759009   0.0020254014   0.0108142581
694   0.0001237331   0.0000214725   0.0001758982   0.0026900883   0.0108142878
695   0.0001236915   0.0000215017   0.0001758913   0.0025665702   0.0108143167
696   0.0001236909   0.0000215312   0.0001758852   0.0024600233   0.0108143240
697   0.0001236439   0.0000215585   0.0001758703   0.0017827451   0.0108143078
698   0.0001235663   0.0000215879   0.0001758642   0.0017552448   0.0108142934
699   0.0001234795   0.0000216166   0.0001758551   0.0014319870   0.0108142893
700   0.0001231791   0.0000216457   0.0001758476   0.0011894104   0.0108142948
701   0.0001231818   0.0000216733   0.0001758341   0.0012755095   0.0108142657
702   0.0001231392   0.0000217021   0.0001758257   0.0018092872   0.0108142642
703   0.0001230188   0.0000217313   0.0001758188   0.0013409916   0.0108142873
704   0.0001228268   0.0000217601   0.0001758101   0.0021191516   0.0108143066
705   0.0001228853   0.0000217856   0.0001757885   0.0023030509   0.0108143218
706   0.0001228512   0.0000218159   0.0001757859   0.0012084262   0.0108143146
707   0.0001227391   0.0000218450   0.0001757787   0.0013705157   0.0108143307
708   0.0001225892   0.0000218728   0.0001757664   0.0004956489   0.0108143516
709   0.0001225600   0.0000219004   0.0001757529   0.0006439034   0.0108143731
710   0.0001226619   0.0000219296   0.0001757464   0.0008729342   0.0108143737
711   0.0001226013   0.0000219570   0.0001757323   0.0016923207   0.0108143915
712   0.0001227483   0.0000219832   0.0001757135   0.0016770080   0.0108144010
713   0.0001227485   0.0000220106   0.0001756996   0.0020246486   0.0108144189
714   0.0001228993   0.0000220422   0.0001757025   0.0017112140   0.0108144210
715   0.0001229494   0.0000220708   0.0001756937   0.0021423359   0.0108143800
716   0.0001228688   0.0000220969   0.0001756746   0.0024645466   0.0108143474
717   0.0001227704   0.0000221255   0.0001756656   0.0012421799   0.0108143587
718   0.0001227473   0.0000221551   0.0001756608   0.0012135580   0.0108143543
719   0.0001228541   0.0000221836   0.0001756515   0.0023055487   0.0108143419
720   0.0001229422   0.0000222132   0.0001756465   0.0048352095   0.0108143195
721   0.0001231055   0.0000222439   0.0001756460   0.0029624557   0.0108143138
722   0.0001233592   0.0000222732   0.0001756399   0.0023533052   0.0108142936
723   0.0001233459   0.0000223037   0.0001756385   0.0018211721   0.0108142952
724   0.0001233976   0.0000223347   0.0001756391   0.0023216637   0.0108142733
725   0.0001235779   0.0000223638   0.0001756322   0.0023702013   0.0108142920
726   0.0001236579   0.0000223920   0.0001756217   0.0015832412   0.0108143135
727   0.0001236462   0.0000224182   0.0001756033   0.0021114730   0.0108143106
728   0.0001237373   0.0000224480   0.0001755993   0.0020983105   0.0108143040
729   0.0001237469   0.0000224781   0.0001755964   0.0012000166   0.0108143251
730   0.0001234427   0.0000225082   0.0001755938   0.0020437736   0.0108143124
731   0.0001233694   0.0000225360   0.0001755820   0.0018667465   0.0108143196
732   0.0001234366   0.0000225655   0.0001755767   0.0017131122   0.0108143082
733   0.0001235522   0.0000225927   0.0001755628   0.0012955635   0.0108143003
734   0.0001236306   0.0000226207   0.0001755518   0.0016452234   0.0108142792
735   0.0001236015   0.0000226478   0.0001755374   0.0021146453   0.0108142661
736   0.0001237758   0.0000226775   0.0001755328   0.0022967660   0.0108142397
737   0.0001239410   0.0000227075   0.0001755299   0.0017109719   0.0108142364
738   0.0001237914   0.0000227345   0.0001755153   0.0017861201   0.0108142281
739   0.0001239295   0.0000227619   0.0001755021   0.0019240821   0.0108142140
740   0.0001241911   0.0000227909   0.0001754952   0.0027928753   0.0108142293
741   0.0001242639   0.0000228190   0.0001754848   0.0020680503   0.0108141997
742   0.0001245378   0.0000228470   0.0001754740   0.0015512625   0.0108141786
743   0.0001246942   0.0000228738   0.0001754588   0.0009082396   0.0108141734
744   0.0001244790   0.0000229010   0.0001754449   0.0018330991   0.0108141611
745   0.0001245454   0.0000229300   0.0001754379   0.0015701872   0.0108141759
746   0.0001244622   0.0000229574   0.0001754252   0.0013189528   0.0108141831
747   0.0001243488   0.0000229883   0.0001754256   0.0017588880   0.0108141687
748   0.0001242651   0.0000230181   0.0001754221   0.0020470938   0.0108141938
749   0.0001240878   0.0000230453   0.0001754082   0.0021569193   0.0108142291
750   0.0001240448   0.0000230727   0.0001753954   0.0026172322   0.0108142447
751   0.0001242273   0.0000231016   0.0001753883   0.0013720797   0.0108142515
752   0.0001241918   0.0000231285   0.0001753739   0.0018670063   0.0108142651
753   0.0001241874   0.0000231558   0.0001753608   0.0009583289   0.0108142813
754   0.0001242365   0.0000231835   0.0001753493   0.0011938616   0.0108143191
755   0.0001241371   0.0000232127   0.0001753434   0.0019121101   0.0108143223
756   0.0001242820   0.0000232415   0.0001753360   0.0013415882   0.0108143195
757   0.0001244951   0.0000232683   0.0001753213   0.0016448385   0.0108143043
758   0.0001247244   0.0000232970   0.0001753136   0.0019518636   0.0108142996
759   0.0001249510   0.0000233243   0.0001753008   0.0021709984   0.0108142843
760   0.0001252142   0.0000233518   0.0001752884   0.0026539745   0.0108142852
761   0.0001251676   0.0000233772   0.0001752687   0.0016617643   0.0108142965
762   0.0001251232   0.0000234046   0.0001752563   0.0023558130   0.0108143065
763   0.0001250130   0.0000234356   0.0001752571   0.0015729531   0.0108143324
764   0.0001249687   0.0000234657   0.0001752548   0.0017244403   0.0108143569
765   0.0001252306   0.0000234929   0.0001752419   0.0024703534   0.0108143797
766   0.0001254708   0.0000235202   0.0001752291   0.0017859751   0.0108143993
767   0.0001254561   0.0000235491   0.0001752223   0.0020990628   0.0108144225
768   0.0001253280   0.0000235760   0.0001752081   0.0019211113   0.0108144381
769   0.0001252753   0.0000236051   0.0001752021   0.0010339315   0.0108144224
770   0.0001254389   0.0000236321   0.0001751887   0.0014147417   0.0108144390
771   0.0001252733   0.0000236580   0.0001751710   0.0012105724   0.0108144379
772   0.0001252931   0.0000236860   0.0001751608   0.0014223643   0.0108144436
773   0.0001255466   0.0000237144   0.0001751524   0.0013088419   0.0108144687
774   0.0001255882   0.0000237429   0.0001751446   0.0018353674   0.0108144743
775   0.0001254558   0.0000237703   0.0001751324   0.0013842141   0.0108144780
776   0.0001255350   0.0000237971   0.0001751181   0.0017502438   0.0108144902
777   0.0001251963   0.0000238274   0.0001751169   0.0015364212   0.0108145006
778   0.0001252496   0.0000238558   0.0001751085   0.0011171754   0.0108145297
779   0.0001251982   0.0000238833   0.0001750969   0.0010991028   0.0108145472
780   0.0001251835   0.0000239112   0.0001750866   0.0016476812   0.0108145617
781   0.0001249724   0.0000239380   0.0001750725   0.0013334792   0.0108145696
782   0.0001250243   0.0000239664   0.0001750646   0.0012919359   0.0108145440
783   0.0001250575   0.0000239960   0.0001750607   0.0017648450   0.0108145504
784   0.0001248823   0.0000240230   0.0001750475   0.0022778411   0.0108145417
785   0.0001249430   0.0000240498   0.0001750334   0.0021904624   0.0108145489
786   0.0001250118   0.0000240770   0.0001750209   0.0013547177   0.0108145547
787   0.0001250057   0.0000241033   0.0001750050   0.0015902045   0.0108145754
788   0.0001250184   0.0000241310   0.0001749947   0.0014461698   0.0108146009
789   0.0001251507   0.0000241588   0.0001749842   0.0009070433   0.0108145985
790   0.0001251212   0.0000241879   0.0001749787   0.0014105668   0.0108146103
791   0.0001251250   0.0000242159   0.0001749694   0.0014677749   0.0108146124
792   0.0001252814   0.0000242425   0.0001749548   0.0021903162   0.0108146353
793   0.0001253391   0.0000242705   0.0001749457   0.0018422854   0.0108146373
794   0.0001251221   0.0000242965   0.0001749288   0.0010317498   0.0108146338
795   0.0001250125   0.0000243249   0.0001749210   0.0018526757   0.0108145898
796   0.0001250639   0.0000243540   0.0001749158   0.0011889057   0.0108145927
797   0.0001251575   0.0000243792   0.0001748962   0.0015366964   0.0108146094
798   0.0001252146   0.0000244072   0.0001748870   0.0019208478   0.0108146029
799   0.0001255364   0.0000244337   0.0001748723   0.0013825030   0.0108146030
800   0.0001256890   0.0000244626   0.0001748664   0.0014755409   0.0108146193
801   0.0001256288   0.0000244882   0.0001748485   0.0016626285   0.0108146132
802   0.0001256235   0.0000245165   0.0001748405   0.0011893402   0.0108146179
803   0.0001254868   0.0000245447   0.0001748320   0.0011578867   0.0108146029
804   0.0001256107   0.0000245730   0.0001748239   0.0009345919   0.0108146019
805   0.0001256154   0.0000246024   0.0001748198   0.0004836202   0.0108146035
806   0.0001256725   0.0000246328   0.0001748194   0.0014728587   0.0108146095
807   0.0001257294   0.0000246620   0.0001748144   0.0005013134   0.0108146183
808   0.0001255937   0.0000246899   0.0001748050   0.0007381194   0.0108146091
809   0.0001257274   0.0000247188   0.0001747991   0.0005275688   0.0108146315
810   0.0001256239   0.0000247457   0.0001747863   0.0019291872   0.0108146473
811   0.0001255687   0.0000247736   0.0001747768   0.0007505481   0.0108146601
812   0.0001255964   0.0000248016   0.0001747679   0.0009409168   0.0108146789
813   0.0001254951   0.0000248299   0.0001747602   0.0006699070   0.0108146667
814   0.0001253450   0.0000248563   0.0001747455   0.0005721026   0.0108146741
815   0.0001253742   0.0000248855   0.0001747407   0.0010100648   0.0108146876
816   0.0001252511   0.0000249120   0.0001747266   0.0014443341   0.0108147092
817   0.0001254125   0.0000249392   0.0001747149   0.0015128747   0.0108147170
818   0.0001252689   0.0000249646   0.0001746972   0.0014536003   0.0108147221
819   0.0001252356   0.0000249885   0.0001746738   0.0012739780   0.0108147523
820   0.0001249554   0.0000250161   0.0001746637   0.0021255633   0.0108147529
821   0.0001248946   0.0000250445   0.0001746564   0.0015843758   0.0108147767
822   0.0001249313   0.0000250738   0.0001746523   0.0016411736   0.0108147667
823   0.0001252446   0.0000251017   0.0001746430   0.0006879625   0.0108147862
824   0.0001250507   0.0000251302   0.0001746364   0.0010715958   0.0108147980
825   0.0001250085   0.0000251567   0.0001746225   0.0023278982   0.0108148072
826   0.0001251293   0.0000251841   0.0001746117   0.0015805616   0.0108147971
827   0.0001252942   0.0000252138   0.0001746089   0.0011921879   0.0108148026
828   0.0001251609   0.0000252436   0.0001746067   0.0009487834   0.0108148085
829   0.0001250731   0.0000252725   0.0001746011   0.0012062610   0.0108148095
830   0.0001250936   0.0000253015   0.0001745960   0.0012058007   0.0108148066
831   0.0001250934   0.0000253252   0.0001745725   0.0010089105   0.0108148036
832   0.0001250506   0.0000253540   0.0001745667   0.0015624481   0.0108147800
833   0.0001249704   0.0000253827   0.0001745606   0.0011471598   0.0108147190
834   0.0001248529   0.0000254117   0.0001745555   0.0013431700   0.0108147030
835   0.0001248373   0.0000254393   0.0001745457   0.0013748391   0.0108146992
836   0.0001249627   0.0000254652   0.0001745302   0.0026968350   0.0108146615
837   0.0001249987   0.0000254911   0.0001745146   0.0017696300   0.0108146670
838   0.0001249410   0.0000255205   0.0001745108   0.0018511399   0.0108146515
839   0.0001249697   0.0000255478   0.0001745002   0.0017323839   0.0108146328
840   0.0001253093   0.0000255766   0.0001744944   0.0051567952   0.0108146012
841   0.0001256790   0.0000256036   0.0001744827   0.0019168621   0.0108145834
842   0.0001257354   0.0000256341   0.0001744830   0.0018061080   0.0108145751
843   0.0001254851   0.0000256633   0.0001744786   0.0010573831   0.0108145600
844   0.0001254690   0.0000256902   0.0001744666   0.0011753053   0.0108145230
845   0.0001255283   0.0000257196   0.0001744633   0.0020936047   0.0108145129
846   0.0001255410   0.0000257459   0.0001744490   0.0017979984   0.0108144944
847   0.0001256137   0.0000257733   0.0001744389   0.0022181764   0.0108144940
848   0.0001257211   0.0000258021   0.0001744334   0.0022418990   0.0108144941
849   0.0001258539   0.0000258294   0.0001744230   0.0018358613   0.0108144880
850   0.0001259087   0.0000258576   0.0001744155   0.0030353096   0.0108144962
851   0.0001260587   0.0000258850   0.0001744053   0.0020804739   0.0108144503
852   0.0001261847   0.0000259111   0.0001743906   0.0020720290   0.0108144478
853   0.0001263832   0.0000259408   0.0001743881   0.0017409081   0.0108144427
854   0.0001264578   0.0000259687   0.0001743800   0.0018407164   0.0108144554
855   0.0001264092   0.0000259964   0.0001743706   0.0024578125   0.0108144660
856   0.0001265840   0.0000260215   0.0001743530   0.0025158548   0.0108144765
857   0.0001265683   0.0000260482   0.0001743405   0.0017975998   0.0108144955
858   0.0001267707   0.0000260775   0.0001743370   0.0024748481   0.0108145178
859   0.0001269727   0.0000261056   0.0001743292   0.0020460457   0.0108145096
860   0.0001270078   0.0000261342   0.0001743234   0.0018140004   0.0108145092
861   0.0001270575   0.0000261624   0.0001743159   0.0019363664   0.0108145019
862   0.0001271904   0.0000261914   0.0001743113   0.0012162736   0.0108145011
863   0.0001271702   0.0000262205   0.0001743070   0.0012533634   0.0108145092
864   0.0001271675   0.0000262490   0.0001743008   0.0012566688   0.0108145177
865   0.0001271139   0.0000262784   0.0001742975   0.0017282274   0.0108145197
866   0.0001268934   0.0000263052   0.0001742858   0.0017052626   0.0108145137
867   0.0001267525   0.0000263318   0.0001742733   0.0012917568   0.0108145095
868   0.0001267403   0.0000263567   0.0001742553   0.0019077182   0.0108145195
869   0.0001269069   0.0000263853   0.0001742492   0.0017822978   0.0108145133
870   0.0001269740   0.0000264130   0.0001742406   0.0024718874   0.0108145049
871   0.0001270811   0.0000264422   0.0001742366   0.0019295531   0.0108144903
872   0.0001269252   0.0000264724   0.0001742363   0.0017263001   0.0108144627
873   0.0001269585   0.0000264970   0.0001742174   0.0018739908   0.0108144561
874   0.0001267860   0.0000265262   0.0001742136   0.0018569325   0.0108144474
875   0.0001268625   0.0000265554   0.0001742096   0.0019815776   0.0108144219
876   0.0001268335   0.0000265825   0.0001741990   0.0016059722   0.0108144136
877   0.0001268097   0.0000266100   0.0001741898   0.0021154734   0.0108144116
878   0.0001268692   0.0000266353   0.0001741733   0.0019148388   0.0108144104
879   0.0001269937   0.0000266614   0.0001741595   0.0010715605   0.0108144235
880   0.0001269479   0.0000266899   0.0001741533   0.0028707507   0.0108144191
881   0.0001270595   0.0000267183   0.0001741472   0.0023866272   0.0108144278
882   0.0001269872   0.0000267456   0.0001741373   0.0017102168   0.0108144230
883   0.0001269220   0.0000267717   0.0001741236   0.0021957793   0.0108144145
884   0.0001268313   0.0000268006   0.0001741191   0.0025702426   0.0108144007
885   0.0001267799   0.0000268289   0.0001741125   0.0013936912   0.0108144097
886   0.0001266627   0.0000268571   0.0001741056   0.0014211824   0.0108143815
887   0.0001266549   0.0000268848   0.0001740970   0.0009502048   0.0108143722
888   0.0001265685   0.0000269119   0.0001740867   0.0017845152   0.0108143879
889   0.0001266120   0.0000269406   0.0001740815   0.0020382015   0.0108143834
890   0.0001269614   0.0000269687   0.0001740746   0.0025508792   0.0108143849
891   0.0001270600   0.0000269978   0.0001740707   0.0019261922   0.0108143736
892   0.0001271582   0.0000270240   0.0001740572   0.0020112032   0.0108143788
893   0.0001271356   0.0000270503   0.0001740445   0.0021365374   0.0108143991
894   0.0001270899   0.0000270783   0.0001740372   0.0016986897   0.0108143984
895   0.0001271003   0.0000271057   0.0001740278   0.0020857439   0.0108144075
896   0.0001271384   0.0000271313   0.0001740128   0.0022175583   0.0108144233
897   0.0001273686   0.0000271586   0.0001740034   0.0027976471   0.0108144405
898   0.0001275009   0.0000271854   0.0001739923   0.0023323292   0.0108144661
899   0.0001275996   0.0000272135   0.0001739853   0.0015626999   0.0108144908
900   0.0001275644   0.0000272408   0.0001739757   0.0025858672   0.0108144729
901   0.0001274576   0.0000272686   0.0001739677   0.0018876557   0.0108144984
902   0.0001274833   0.0000272952   0.0001739561   0.0018877795   0.0108145089
903   0.0001276643   0.0000273223   0.0001739461   0.0019868465   0.0108145372
904   0.0001276886   0.0000273497   0.0001739371   0.0015051462   0.0108145535
905   0.0001275506   0.0000273760   0.0001739245   0.0008685074   0.0108145739
906   0.0001272629   0.0000274023   0.0001739121   0.0012251310   0.0108145938
907   0.0001272696   0.0000274270   0.0001738943   0.0006943608   0.0108146019
908   0.0001272004   0.0000274545   0.0001738855   0.0008912632   0.0108146103
909   0.0001272878   0.0000274814   0.0001738751   0.0012049197   0.0108146226
910   0.0001271553   0.0000275119   0.0001738761   0.0011355940   0.0108146206
911   0.0001271706   0.0000275422   0.0001738761   0.0007660745   0.0108145944
912   0.0001270414   0.0000275698   0.0001738680   0.0009969274   0.0108145860
913   0.0001271980   0.0000275994   0.0001738659   0.0016012000   0.0108145944
914   0.0001274086   0.0000276288   0.0001738632   0.0018402046   0.0108146080
915   0.0001273362   0.0000276575   0.0001738586   0.0016756629   0.0108146283
916   0.0001272924   0.0000276871   0.0001738565   0.0016300160   0.0108146421
917   0.0001273204   0.0000277140   0.0001738460   0.0019535486   0.0108146405
918   0.0001276437   0.0000277442   0.0001738461   0.0015139601   0.0108146483
919   0.0001278121   0.0000277753   0.0001738487   0.0007002375   0.0108146760
920   0.0001277124   0.0000278031   0.0001738411   0.0016890583   0.0108146988
921   0.0001277921   0.0000278313   0.0001738347   0.0009743000   0.0108147032
922   0.0001276557   0.0000278598   0.0001738296   0.0006895843   0.0108147107
923   0.0001275460   0.0000278895   0.0001738280   0.0016936360   0.0108147272
924   0.0001275581   0.0000279171   0.0001738197   0.0015397570   0.0108147575
925   0.0001274531   0.0000279467   0.0001738178   0.0010886607   0.0108147565
926   0.0001274051   0.0000279743   0.0001738098   0.0008706575   0.0108147729
927   0.0001273014   0.0000280008   0.0001737983   0.0004722406   0.0108147794
928   0.0001273095   0.0000280285   0.0001737905   0.0013037185   0.0108147514
929   0.0001272128   0.0000280581   0.0001737887   0.0021212945   0.0108147408
930   0.0001272949   0.0000280845   0.0001737770   0.0022765413   0.0108147401
931   0.0001275312   0.0000281114   0.0001737665   0.0020294704   0.0108147505
932   0.0001274346   0.0000281386   0.0001737573   0.0017656643   0.0108147372
933   0.0001273003   0.0000281671   0.0001737522   0.0017857056   0.0108147181
934   0.0001273912   0.0000281937   0.0001737413   0.0007100180   0.0108147268
935   0.0001273390   0.0000282221   0.0001737356   0.0021555056   0.0108147283
936   0.0001275002   0.0000282493   0.0001737264   0.0019972404   0.0108147415
937   0.0001275208   0.0000282787   0.0001737242   0.0012209407   0.0108147812
938   0.0001275953   0.0000283082   0.0001737221   0.0024409484   0.0108147864
939   0.0001277409   0.0000283353   0.0001737125   0.0011666631   0.0108147943
940   0.0001277740   0.0000283625   0.0001737034   0.0023345423   0.0108147887
941   0.0001278228   0.0000283915   0.0001736999   0.0015063366   0.0108147853
942   0.0001277775   0.0000284205   0.0001736963   0.0019575399   0.0108147937
943   0.0001278295   0.0000284474   0.0001736864   0.0021905073   0.0108148213
944   0.0001279197   0.0000284767   0.0001736837   0.0021432171   0.0108148160
945   0.0001280509   0.0000285061   0.0001736812   0.0028764971   0.0108148153
946   0.0001280291   0.0000285334   0.0001736727   0.0026146892   0.0108148234
947   0.0001281421   0.0000285590   0.0001736588   0.0023727715   0.0108148295
948   0.0001281046   0.0000285881   0.0001736555   0.0027767533   0.0108148180
949   0.0001281050   0.0000286148   0.0001736451   0.0025509929   0.0108148295
950   0.0001279768   0.0000286417   0.0001736351   0.0022734442   0.0108148378
951   0.0001282904   0.0000286711   0.0001736327   0.0026586178   0.0108148475
952   0.0001284195   0.0000287004   0.0001736302   0.0020331846   0.0108148540
953   0.0001285833   0.0000287301   0.0001736290   0.0022334069   0.0108148618
954   0.0001287171   0.0000287579   0.0001736217   0.0020684961   0.0108148904
955   0.0001287322   0.0000287879   0.0001736214   0.0022185711   0.0108148731
956   0.0001287428   0.0000288175   0.0001736198   0.0030963694   0.0108148738
957   0.0001287470   0.0000288423   0.0001736038   0.0021729760   0.0108148822
958   0.0001288041   0.0000288724   0.0001736035   0.0019751128   0.0108148622
959   0.0001289827   0.0000289042   0.0001736085   0.0026750129   0.0108148700
960   0.0001290671   0.0000289350   0.0001736106   0.0054425975   0.0108148734
961   0.0001293295   0.0000289680   0.0001736190   0.0024513877   0.0108148773
962   0.0001293057   0.0000289966   0.0001736146   0.0030742698   0.0108148838
963   0.0001294866   0.0000290275   0.0001736169   0.0023550960   0.0108149042
964   0.0001294720   0.0000290588   0.0001736203   0.0019374919   0.0108148961
965   0.0001294673   0.0000290882   0.0001736179   0.0014890912   0.0108148929
966   0.0001293313   0.0000291187   0.0001736191   0.0019614638   0.0108148873
967   0.0001291671   0.0000291476   0.0001736154   0.0018266280   0.0108148844
968   0.0001290988   0.0000291775   0.0001736148   0.0023811053   0.0108148606
969   0.0001293234   0.0000292052   0.0001736074   0.0015455659   0.0108148906
970   0.0001293594   0.0000292325   0.0001735988   0.0012778832   0.0108149029
971   0.0001295678   0.0000292606   0.0001735928   0.0008309155   0.0108149126
972   0.0001297116   0.0000292910   0.0001735936   0.0015728407   0.0108149399
973   0.0001298984   0.0000293199   0.0001735901   0.0015416058   0.0108149506
974   0.0001300342   0.0000293481   0.0001735844   0.0006960614   0.0108149643
975   0.0001300970   0.0000293756   0.0001735765   0.0022848792   0.0108149799
976   0.0001300060   0.0000294076   0.0001735822   0.0016191105   0.0108149613
977   0.0001301918   0.0000294391   0.0001735862   0.0013302569   0.0108149512
978   0.0001302617   0.0000294700   0.0001735885   0.0016403714   0.0108149410
979   0.0001303101   0.0000295001   0.0001735882   0.0017722633   0.0108149441
980   0.0001302582   0.0000295282   0.0001735823   0.0021580573   0.0108149624
981   0.0001300875   0.0000295574   0.0001735797   0.0017530060   0.0108149776
982   0.0001301484   0.0000295867   0.0001735772   0.0014343668   0.0108149851
983   0.0001300916   0.0000296182   0.0001735812   0.0017370069   0.0108149993
984   0.0001300751   0.0000296476   0.0001735791   0.0022120559   0.0108149918
985   0.0001302095   0.0000296770   0.0001735769   0.0024958758   0.0108149934
986   0.0001303367   0.0000297092   0.0001735831   0.0019853600   0.0108149865
987   0.0001301722   0.0000297385   0.0001735804   0.0016261050   0.0108149656
988   0.0001300105   0.0000297669   0.0001735755   0.0020055871   0.0108149785
989   0.0001299141   0.0000297963   0.0001735734   0.0007155925   0.0108150026
990   0.0001300184   0.0000298256   0.0001735709   0.0025333629   0.0108149732
991   0.0001304939   0.0000298562   0.0001735723   0.0017156720   0.0108149928
992   0.0001308691   0.0000298866   0.0001735730   0.0014633271   0.0108150143
993   0.0001311734   0.0000299161   0.0001735713   0.0016142277   0.0108150066
994   0.0001316149   0.0000299467   0.0001735728   0.0006536202   0.0108150249
995   0.0001316382   0.0000299748   0.0001735669   0.0010872656   0.0108150437
996   0.0001316637   0.0000300046   0.0001735658   0.0017653582   0.0108150386
997   0.0001316456   0.0000300339   0.0001735634   0.0014080395   0.0108150678
998   0.0001312679   0.0000300636   0.0001735623   0.0009603748   0.0108150424
999   0.0001312268   0.0000300885   0.0001735472   0.0009150071   0.0108150485
1000   0.0001313638   0.0000301185   0.0001735469   0.0021383838   0.0108150466
