0   0.0000000000   0.0000000000   -nan   0.0937998301   0.0106258950
1   0.0000288901   0.0000000152   0.0001231205   0.0706191949   0.0106259190
2   0.0000419277   0.0000000340   0.0001304763   0.0492395713   0.0106259260
3   0.0000466465   0.0000000519   0.0001315155   0.0384647460   0.0106259380
4   0.0000495806   0.0000000699   0.0001322171   0.0321354485   0.0106259403
5   0.0000518307   0.0000000887   0.0001332205   0.0275783083   0.0106259540
6   0.0000535926   0.0000001082   0.0001343148   0.0243404043   0.0106259601
7   0.0000551034   0.0000001284   0.0001354279   0.0213797285   0.0106259732
8   0.0000564210   0.0000001491   0.0001365135   0.0190554487   0.0106259750
9   0.0000574163   0.0000001703   0.0001375538   0.0169912071   0.0106259853
10   0.0000581577   0.0000001919   0.0001385236   0.0152363202   0.0106259913
11   0.0000587733   0.0000002136   0.0001393506   0.0134906888   0.0106259923
12   0.0000593600   0.0000002355   0.0001400835   0.0128602138   0.0106259956
13   0.0000600467   0.0000002574   0.0001407210   0.0119341770   0.0106260025
14   0.0000604433   0.0000002796   0.0001413303   0.0108724081   0.0106259862
15   0.0000610049   0.0000003019   0.0001418613   0.0098258471   0.0106259720
16   0.0000615044   0.0000003242   0.0001423515   0.0090271839   0.0106259606
17   0.0000617419   0.0000003468   0.0001428365   0.0081367493   0.0106259428
18   0.0000621936   0.0000003694   0.0001432492   0.0075446913   0.0106259519
19   0.0000624767   0.0000003918   0.0001436050   0.0078247381   0.0106259555
20   0.0000628285   0.0000004144   0.0001439457   0.0071142960   0.0106259542
21   0.0000633690   0.0000004374   0.0001443250   0.0067589392   0.0106259563
22   0.0000637163   0.0000004602   0.0001446355   0.0064578288   0.0106259589
23   0.0000641172   0.0000004832   0.0001449375   0.0062528764   0.0106259721
24   0.0000643072   0.0000005061   0.0001452149   0.0062909893   0.0106259657
25   0.0000646841   0.0000005294   0.0001455138   0.0055056363   0.0106259696
26   0.0000647613   0.0000005526   0.0001457905   0.0055112383   0.0106259584
27   0.0000650522   0.0000005761   0.0001460743   0.0056986345   0.0106259468
28   0.0000653823   0.0000005996   0.0001463335   0.0050340987   0.0106259380
29   0.0000655750   0.0000006229   0.0001465581   0.0044373656   0.0106259442
30   0.0000655453   0.0000006462   0.0001467705   0.0040081976   0.0106259382
31   0.0000656262   0.0000006696   0.0001469648   0.0036418556   0.0106259393
32   0.0000655384   0.0000006930   0.0001471658   0.0040039411   0.0106259313
33   0.0000656225   0.0000007164   0.0001473417   0.0039657847   0.0106259446
34   0.0000658071   0.0000007398   0.0001475040   0.0034080839   0.0106259480
35   0.0000657648   0.0000007629   0.0001476432   0.0035815619   0.0106259497
36   0.0000657545   0.0000007861   0.0001477744   0.0036777036   0.0106259713
37   0.0000659463   0.0000008093   0.0001478913   0.0038225839   0.0106259684
38   0.0000660676   0.0000008326   0.0001480201   0.0028333689   0.0106259661
39   0.0000661335   0.0000008557   0.0001481289   0.0029988850   0.0106259715
40   0.0000660939   0.0000008790   0.0001482364   0.0029314359   0.0106259843
41   0.0000662045   0.0000009022   0.0001483370   0.0027210410   0.0106259930
42   0.0000663186   0.0000009254   0.0001484360   0.0025566912   0.0106259921
43   0.0000662915   0.0000009486   0.0001485239   0.0024700007   0.0106260033
44   0.0000663047   0.0000009721   0.0001486400   0.0020563387   0.0106260107
45   0.0000662709   0.0000009954   0.0001487280   0.0019102403   0.0106260135
46   0.0000662247   0.0000010184   0.0001487904   0.0016802319   0.0106260134
47   0.0000662829   0.0000010416   0.0001488715   0.0024312744   0.0106260192
48   0.0000663573   0.0000010649   0.0001489475   0.0019129248   0.0106260360
49   0.0000664743   0.0000010884   0.0001490393   0.0028889037   0.0106260335
50   0.0000666426   0.0000011119   0.0001491252   0.0027602402   0.0106260415
51   0.0000667093   0.0000011355   0.0001492120   0.0022450722   0.0106260466
52   0.0000667453   0.0000011589   0.0001492844   0.0020427835   0.0106260438
53   0.0000667788   0.0000011822   0.0001493503   0.0016019972   0.0106260496
54   0.0000666434   0.0000012056   0.0001494189   0.0009847165   0.0106260427
55   0.0000664919   0.0000012290   0.0001494869   0.0017369470   0.0106260427
56   0.0000662541   0.0000012519   0.0001495191   0.0019297596   0.0106260413
57   0.0000663271   0.0000012754   0.0001495861   0.0016668002   0.0106260417
58   0.0000663557   0.0000012985   0.0001496273   0.0020334390   0.0106260474
59   0.0000662905   0.0000013216   0.0001496656   0.0015443057   0.0106260469
60   0.0000661720   0.0000013446   0.0001496977   0.0012026359   0.0106260388
61   0.0000659800   0.0000013674   0.0001497198   0.0016751538   0.0106260392
62   0.0000658845   0.0000013902   0.0001497396   0.0009931438   0.0106260265
63   0.0000657623   0.0000014130   0.0001497594   0.0008208178   0.0106260214
64   0.0000655906   0.0000014355   0.0001497650   0.0012857036   0.0106260146
65   0.0000655510   0.0000014585   0.0001497938   0.0010932607   0.0106260211
66   0.0000656034   0.0000014811   0.0001498044   0.0013228053   0.0106260184
67   0.0000655309   0.0000015038   0.0001498152   0.0010685353   0.0106260174
68   0.0000654985   0.0000015262   0.0001498148   0.0011579130   0.0106260302
69   0.0000655329   0.0000015486   0.0001498105   0.0008876332   0.0106260491
70   0.0000654200   0.0000015708   0.0001497987   0.0009589673   0.0106260530
71   0.0000654155   0.0000015931   0.0001497956   0.0010090140   0.0106260649
72   0.0000653986   0.0000016156   0.0001497981   0.0014900824   0.0106260742
73   0.0000653241   0.0000016378   0.0001497831   0.0008348685   0.0106260745
74   0.0000654185   0.0000016601   0.0001497808   0.0013109541   0.0106260656
75   0.0000656056   0.0000016819   0.0001497529   0.0011086484   0.0106260683
76   0.0000656147   0.0000017042   0.0001497436   0.0008018724   0.0106260671
77   0.0000654996   0.0000017263   0.0001497309   0.0005740664   0.0106260727
78   0.0000654918   0.0000017486   0.0001497244   0.0008691357   0.0106260825
79   0.0000654930   0.0000017706   0.0001497081   0.0015187827   0.0106261013
80   0.0000655138   0.0000017927   0.0001496962   0.0010565744   0.0106260987
81   0.0000654216   0.0000018150   0.0001496910   0.0006653506   0.0106261014
82   0.0000653412   0.0000018369   0.0001496687   0.0007894083   0.0106261100
83   0.0000654085   0.0000018591   0.0001496622   0.0006219110   0.0106261054
84   0.0000651829   0.0000018812   0.0001496503   0.0002951355   0.0106261225
85   0.0000650482   0.0000019033   0.0001496380   0.0009236434   0.0106261059
86   0.0000652137   0.0000019253   0.0001496225   0.0006773774   0.0106260974
87   0.0000652445   0.0000019473   0.0001496104   0.0011135300   0.0106260964
88   0.0000650716   0.0000019694   0.0001495965   0.0007203862   0.0106260994
89   0.0000650314   0.0000019915   0.0001495867   0.0014864534   0.0106260989
90   0.0000650291   0.0000020131   0.0001495591   0.0014290871   0.0106261125
91   0.0000650814   0.0000020355   0.0001495584   0.0006473592   0.0106261142
92   0.0000651285   0.0000020573   0.0001495382   0.0007235067   0.0106261221
93   0.0000651248   0.0000020795   0.0001495322   0.0008802196   0.0106261317
94   0.0000649523   0.0000021015   0.0001495198   0.0010396156   0.0106261507
95   0.0000647941   0.0000021237   0.0001495143   0.0001170000   0.0106261576
96   0.0000646903   0.0000021454   0.0001494913   0.0006946331   0.0106261503
97   0.0000647621   0.0000021669   0.0001494639   0.0001448591   0.0106261470
98   0.0000646616   0.0000021886   0.0001494420   0.0005134048   0.0106261287
99   0.0000646245   0.0000022103   0.0001494211   0.0003042670   0.0106261353
100   0.0000646580   0.0000022323   0.0001494077   0.0005054613   0.0106261379
101   0.0000647242   0.0000022542   0.0001493938   0.0001105201   0.0106261395
102   0.0000645599   0.0000022759   0.0001493736   0.0001997170   0.0106261366
103   0.0000645006   0.0000022977   0.0001493589   0.0000305222   0.0106261357
104   0.0000643211   0.0000023188   0.0001493193   0.0002427100   0.0106261354
105   0.0000642890   0.0000023403   0.0001492938   0.0002948836   0.0106261430
106   0.0000642248   0.0000023620   0.0001492739   0.0002048000   0.0106261250
107   0.0000640900   0.0000023839   0.0001492644   0.0005192907   0.0106261009
108   0.0000640441   0.0000024052   0.0001492329   -0.0000566153   0.0106261003
109   0.0000638981   0.0000024269   0.0001492159   0.0006927597   0.0106260983
110   0.0000639358   0.0000024487   0.0001491996   0.0002831076   0.0106260887
111   0.0000639157   0.0000024705   0.0001491862   0.0009611342   0.0106260862
112   0.0000638700   0.0000024924   0.0001491752   0.0002306618   0.0106260836
113   0.0000637158   0.0000025137   0.0001491491   0.0006579291   0.0106260911
114   0.0000636162   0.0000025349   0.0001491164   0.0007682721   0.0106260958
115   0.0000635749   0.0000025560   0.0001490847   0.0008320701   0.0106260927
116   0.0000635427   0.0000025773   0.0001490583   0.0003330240   0.0106260822
117   0.0000634403   0.0000025980   0.0001490132   0.0000204629   0.0106260854
118   0.0000632316   0.0000026193   0.0001489869   -0.0000252095   0.0106260901
119   0.0000632194   0.0000026404   0.0001489579   0.0001417741   0.0106260957
120   0.0000632926   0.0000026616   0.0001489289   0.0005045431   0.0106261021
121   0.0000632636   0.0000026829   0.0001489060   0.0001569184   0.0106260987
122   0.0000631967   0.0000027046   0.0001488932   0.0001880752   0.0106261095
123   0.0000631403   0.0000027255   0.0001488580   -0.0002459348   0.0106261162
124   0.0000630171   0.0000027464   0.0001488222   0.0004358241   0.0106261122
125   0.0000631622   0.0000027677   0.0001488008   0.0006574801   0.0106261223
126   0.0000632686   0.0000027886   0.0001487664   0.0006581118   0.0106261171
127   0.0000633066   0.0000028096   0.0001487380   0.0007085894   0.0106261164
128   0.0000633550   0.0000028305   0.0001487066   0.0005558042   0.0106261061
129   0.0000633610   0.0000028507   0.0001486567   0.0004472187   0.0106261210
130   0.0000632565   0.0000028719   0.0001486324   0.0002777836   0.0106261201
131   0.0000633484   0.0000028926   0.0001485961   0.0007511881   0.0106261217
132   0.0000632812   0.0000029133   0.0001485614   0.0004461070   0.0106261080
133   0.0000633362   0.0000029344   0.0001485361   0.0002110445   0.0106260897
134   0.0000633367   0.0000029554   0.0001485107   0.0004648581   0.0106261039
135   0.0000633631   0.0000029764   0.0001484828   -0.0003007201   0.0106261242
136   0.0000631623   0.0000029971   0.0001484501   0.0006697550   0.0106261348
137   0.0000632529   0.0000030180   0.0001484212   0.0004679043   0.0106261338
138   0.0000633912   0.0000030384   0.0001483832   0.0008245196   0.0106261420
139   0.0000635092   0.0000030595   0.0001483610   0.0003851124   0.0106261476
140   0.0000635761   0.0000030801   0.0001483271   0.0003299025   0.0106261495
141   0.0000637068   0.0000031009   0.0001482974   -0.0000317745   0.0106261296
142   0.0000637178   0.0000031219   0.0001482744   0.0003058830   0.0106261187
143   0.0000636929   0.0000031429   0.0001482519   0.0010644137   0.0106261033
144   0.0000638897   0.0000031645   0.0001482431   0.0006252001   0.0106261179
145   0.0000637866   0.0000031852   0.0001482130   0.0002631620   0.0106261177
146   0.0000638127   0.0000032059   0.0001481822   0.0005982384   0.0106261215
147   0.0000638546   0.0000032269   0.0001481606   0.0003855802   0.0106261283
148   0.0000637887   0.0000032481   0.0001481442   0.0004289754   0.0106261437
149   0.0000637430   0.0000032692   0.0001481256   0.0005843784   0.0106261613
150   0.0000638086   0.0000032900   0.0001481000   0.0008746887   0.0106261779
151   0.0000638480   0.0000033108   0.0001480745   0.0007012158   0.0106262006
152   0.0000638174   0.0000033321   0.0001480601   0.0008495260   0.0106262186
153   0.0000639336   0.0000033525   0.0001480263   0.0009093024   0.0106262211
154   0.0000638568   0.0000033731   0.0001479967   0.0008124749   0.0106262297
155   0.0000638665   0.0000033939   0.0001479734   0.0006680845   0.0106262311
156   0.0000639054   0.0000034149   0.0001479550   0.0008241553   0.0106262184
157   0.0000639114   0.0000034363   0.0001479439   0.0006592405   0.0106262130
158   0.0000638542   0.0000034574   0.0001479262   0.0002226324   0.0106262124
159   0.0000638462   0.0000034786   0.0001479111   0.0002627747   0.0106262152
160   0.0000636563   0.0000034997   0.0001478962   0.0004432354   0.0106262164
161   0.0000636074   0.0000035206   0.0001478749   -0.0001248621   0.0106262369
162   0.0000637178   0.0000035415   0.0001478551   0.0004171230   0.0106262375
163   0.0000637380   0.0000035629   0.0001478453   0.0009234854   0.0106262515
164   0.0000637389   0.0000035841   0.0001478326   0.0006496856   0.0106262642
165   0.0000637891   0.0000036044   0.0001478010   0.0003485010   0.0106262729
166   0.0000636532   0.0000036253   0.0001477816   0.0002881533   0.0106262859
167   0.0000635663   0.0000036458   0.0001477531   0.0006108349   0.0106262782
168   0.0000636205   0.0000036667   0.0001477351   -0.0000633472   0.0106262746
169   0.0000635585   0.0000036880   0.0001477250   -0.0000163582   0.0106262765
170   0.0000636771   0.0000037093   0.0001477139   0.0000000000   0.0106262903
171   0.0000636946   0.0000037300   0.0001476910   -0.0002022684   0.0106263034
172   0.0000635798   0.0000037507   0.0001476693   -0.0001885954   0.0106263154
173   0.0000635119   0.0000037716   0.0001476512   -0.0005396383   0.0106263344
174   0.0000633568   0.0000037921   0.0001476263   -0.0001996232   0.0106263321
175   0.0000632102   0.0000038133   0.0001476155   0.0000041652   0.0106263394
176   0.0000631712   0.0000038335   0.0001475849   -0.0002002399   0.0106263404
177   0.0000632196   0.0000038541   0.0001475615   -0.0000874797   0.0106263425
178   0.0000632270   0.0000038747   0.0001475405   0.0002157360   0.0106263366
179   0.0000633429   0.0000038956   0.0001475233   -0.0002547310   0.0106263438
180   0.0000633348   0.0000039163   0.0001475029   0.0008612539   0.0106263524
181   0.0000633911   0.0000039367   0.0001474777   0.0005383879   0.0106263514
182   0.0000633802   0.0000039571   0.0001474526   0.0007911058   0.0106263486
183   0.0000634381   0.0000039777   0.0001474320   -0.0001223334   0.0106263619
184   0.0000632196   0.0000039977   0.0001473990   -0.0003610671   0.0106263547
185   0.0000630284   0.0000040184   0.0001473810   0.0002851786   0.0106263392
186   0.0000628605   0.0000040388   0.0001473569   0.0000687679   0.0106263242
187   0.0000627005   0.0000040593   0.0001473343   0.0000506110   0.0106263235
188   0.0000629448   0.0000040795   0.0001473067   0.0003173777   0.0106263446
189   0.0000629765   0.0000040998   0.0001472820   0.0001726913   0.0106263601
190   0.0000629958   0.0000041201   0.0001472576   -0.0006506057   0.0106263621
191   0.0000629139   0.0000041404   0.0001472328   -0.0006592749   0.0106263677
192   0.0000629026   0.0000041609   0.0001472122   -0.0005658041   0.0106263570
193   0.0000628399   0.0000041816   0.0001471953   -0.0002465854   0.0106263507
194   0.0000628205   0.0000042021   0.0001471750   0.0002206877   0.0106263480
195   0.0000627505   0.0000042223   0.0001471498   -0.0000994789   0.0106263628
196   0.0000625788   0.0000042428   0.0001471291   -0.0001623325   0.0106263742
197   0.0000627144   0.0000042635   0.0001471134   -0.0005063852   0.0106263717
198   0.0000626001   0.0000042844   0.0001471004   0.0000348531   0.0106263783
199   0.0000625530   0.0000043047   0.0001470764   0.0007677039   0.0106263743
200   0.0000626375   0.0000043251   0.0001470554   0.0003420150   0.0106263522
201   0.0000625890   0.0000043453   0.0001470324   0.0002353717   0.0106263478
202   0.0000625011   0.0000043659   0.0001470147   0.0003280476   0.0106263475
203   0.0000624878   0.0000043868   0.0001470026   -0.0000786642   0.0106263397
204   0.0000623895   0.0000044072   0.0001469831   -0.0002491165   0.0106263402
205   0.0000623455   0.0000044277   0.0001469641   0.0006556058   0.0106263419
206   0.0000623303   0.0000044475   0.0001469339   0.0001838778   0.0106263467
207   0.0000621492   0.0000044676   0.0001469105   0.0006070989   0.0106263609
208   0.0000622341   0.0000044882   0.0001468938   0.0002315874   0.0106263649
209   0.0000622411   0.0000045086   0.0001468751   -0.0000766040   0.0106263700
210   0.0000623798   0.0000045288   0.0001468522   0.0006575798   0.0106263760
211   0.0000624248   0.0000045491   0.0001468321   0.0000068564   0.0106263702
212   0.0000624816   0.0000045692   0.0001468090   0.0006057822   0.0106263764
213   0.0000624829   0.0000045898   0.0001467928   0.0001284974   0.0106263727
214   0.0000624498   0.0000046103   0.0001467771   -0.0007030495   0.0106263849
215   0.0000624252   0.0000046302   0.0001467503   -0.0003238137   0.0106263708
216   0.0000624039   0.0000046509   0.0001467373   -0.0001300100   0.0106263739
217   0.0000624158   0.0000046712   0.0001467185   0.0002397562   0.0106263632
218   0.0000625906   0.0000046914   0.0001466982   -0.0001249546   0.0106263563
219   0.0000624365   0.0000047121   0.0001466849   0.0003444648   0.0106263682
220   0.0000624276   0.0000047328   0.0001466717   0.0003400106   0.0106263621
221   0.0000623193   0.0000047531   0.0001466540   0.0001974562   0.0106263685
222   0.0000624307   0.0000047735   0.0001466357   0.0000125281   0.0106263704
223   0.0000624309   0.0000047940   0.0001466210   0.0003030768   0.0106263785
224   0.0000625492   0.0000048138   0.0001465948   0.0005274315   0.0106263846
225   0.0000624549   0.0000048338   0.0001465727   0.0003344361   0.0106264039
226   0.0000624483   0.0000048548   0.0001465653   0.0002013891   0.0106264095
227   0.0000623973   0.0000048744   0.0001465367   0.0012806057   0.0106264227
228   0.0000623595   0.0000048948   0.0001465210   0.0003884990   0.0106264233
229   0.0000624466   0.0000049147   0.0001464981   0.0002255923   0.0106264096
230   0.0000624111   0.0000049343   0.0001464705   0.0002545512   0.0106264108
231   0.0000623753   0.0000049544   0.0001464494   -0.0000629698   0.0106264125
232   0.0000623080   0.0000049748   0.0001464348   0.0003327740   0.0106264121
233   0.0000621485   0.0000049954   0.0001464227   0.0000188035   0.0106264229
234   0.0000622103   0.0000050161   0.0001464120   -0.0002089398   0.0106264163
235   0.0000622006   0.0000050359   0.0001463877   -0.0001949221   0.0106264252
236   0.0000622559   0.0000050563   0.0001463732   -0.0005504678   0.0106264258
237   0.0000619469   0.0000050764   0.0001463542   -0.0005140771   0.0106264367
238   0.0000619672   0.0000050971   0.0001463435   0.0000143305   0.0106264409
239   0.0000621284   0.0000051180   0.0001463355   -0.0008195742   0.0106264563
240   0.0000620813   0.0000051387   0.0001463252   0.0000755425   0.0106264745
241   0.0000620081   0.0000051594   0.0001463162   -0.0004001288   0.0106264732
242   0.0000618127   0.0000051801   0.0001463063   -0.0001555811   0.0106264662
243   0.0000617008   0.0000052013   0.0001463032   -0.0003195407   0.0106264670
244   0.0000615777   0.0000052221   0.0001462940   -0.0003159752   0.0106264641
245   0.0000614729   0.0000052426   0.0001462815   -0.0005202819   0.0106264439
246   0.0000613638   0.0000052629   0.0001462660   -0.0008381103   0.0106264471
247   0.0000611991   0.0000052834   0.0001462536   -0.0006087538   0.0106264489
248   0.0000612441   0.0000053041   0.0001462453   -0.0007387300   0.0106264449
249   0.0000612394   0.0000053244   0.0001462302   -0.0001251700   0.0106264505
250   0.0000611904   0.0000053449   0.0001462173   -0.0005691215   0.0106264639
251   0.0000612011   0.0000053655   0.0001462074   -0.0006593809   0.0106264567
252   0.0000610208   0.0000053857   0.0001461905   -0.0009041227   0.0106264739
253   0.0000608468   0.0000054059   0.0001461758   -0.0007768838   0.0106264791
254   0.0000607795   0.0000054263   0.0001461621   -0.0003947387   0.0106264780
255   0.0000608032   0.0000054469   0.0001461517   -0.0002803057   0.0106264774
256   0.0000607536   0.0000054678   0.0001461457   -0.0003161820   0.0106264916
257   0.0000607364   0.0000054888   0.0001461407   -0.0001329952   0.0106265031
258   0.0000606475   0.0000055095   0.0001461317   -0.0007800816   0.0106265011
259   0.0000606002   0.0000055303   0.0001461247   -0.0012562731   0.0106264747
260   0.0000605463   0.0000055506   0.0001461106   -0.0000248100   0.0106264695
261   0.0000604585   0.0000055707   0.0001460944   -0.0001524549   0.0106264702
262   0.0000604263   0.0000055912   0.0001460836   -0.0002908755   0.0106264824
263   0.0000603142   0.0000056114   0.0001460685   0.0001115136   0.0106264941
264   0.0000603116   0.0000056318   0.0001460564   -0.0003082484   0.0106265097
265   0.0000602038   0.0000056522   0.0001460446   -0.0005259357   0.0106265213
266   0.0000601312   0.0000056716   0.0001460193   -0.0002712052   0.0106265349
267   0.0000599976   0.0000056917   0.0001460036   -0.0003376046   0.0106265540
268   0.0000598609   0.0000057119   0.0001459900   -0.0002186033   0.0106265421
269   0.0000597572   0.0000057325   0.0001459806   -0.0001952887   0.0106265447
270   0.0000597515   0.0000057527   0.0001459664   -0.0008066209   0.0106265504
271   0.0000596775   0.0000057728   0.0001459518   -0.0002491482   0.0106265465
272   0.0000597810   0.0000057925   0.0001459313   -0.0002500589   0.0106265589
273   0.0000598490   0.0000058126   0.0001459164   -0.0001597352   0.0106265450
274   0.0000598585   0.0000058328   0.0001459027   -0.0005384638   0.0106265505
275   0.0000597511   0.0000058523   0.0001458803   -0.0003389523   0.0106265532
276   0.0000596373   0.0000058722   0.0001458634   -0.0001816021   0.0106265361
277   0.0000597527   0.0000058924   0.0001458499   -0.0006977263   0.0106265474
278   0.0000598606   0.0000059126   0.0001458362   -0.0003533701   0.0106265602
279   0.0000597238   0.0000059331   0.0001458279   0.0000110715   0.0106265648
280   0.0000597925   0.0000059534   0.0001458156   -0.0002163544   0.0106265540
281   0.0000597426   0.0000059737   0.0001458037   -0.0005844572   0.0106265483
282   0.0000595899   0.0000059941   0.0001457938   -0.0006853458   0.0106265467
283   0.0000596091   0.0000060140   0.0001457771   -0.0004546268   0.0106265560
284   0.0000596297   0.0000060342   0.0001457642   -0.0003804233   0.0106265611
285   0.0000595664   0.0000060546   0.0001457539   -0.0002110258   0.0106265760
286   0.0000595627   0.0000060741   0.0001457326   -0.0003295775   0.0106265833
287   0.0000595198   0.0000060944   0.0001457222   0.0002433800   0.0106265883
288   0.0000596639   0.0000061150   0.0001457140   -0.0001158594   0.0106266047
289   0.0000597008   0.0000061354   0.0001457046   -0.0001470027   0.0106266238
290   0.0000596759   0.0000061545   0.0001456794   0.0000514989   0.0106266363
291   0.0000596332   0.0000061740   0.0001456593   -0.0002407400   0.0106266396
292   0.0000597837   0.0000061939   0.0001456437   0.0003410684   0.0106266406
293   0.0000597624   0.0000062139   0.0001456290   -0.0002536443   0.0106266392
294   0.0000597264   0.0000062337   0.0001456130   -0.0004276563   0.0106266483
295   0.0000596686   0.0000062537   0.0001455986   -0.0001389657   0.0106266483
296   0.0000595634   0.0000062736   0.0001455836   -0.0000263571   0.0106266630
297   0.0000594840   0.0000062937   0.0001455710   -0.0000119812   0.0106266777
298   0.0000593952   0.0000063139   0.0001455599   0.0003759306   0.0106266928
299   0.0000593947   0.0000063335   0.0001455418   -0.0000377450   0.0106267041
300   0.0000593447   0.0000063533   0.0001455249   -0.0003469141   0.0106267192
301   0.0000593921   0.0000063723   0.0001455011   -0.0006273590   0.0106267328
302   0.0000594380   0.0000063926   0.0001454905   0.0002016412   0.0106267207
303   0.0000595660   0.0000064125   0.0001454766   0.0001462205   0.0106267375
304   0.0000597240   0.0000064326   0.0001454642   0.0002888608   0.0106267440
305   0.0000597249   0.0000064526   0.0001454511   0.0002037722   0.0106267375
306   0.0000597698   0.0000064729   0.0001454412   -0.0000506461   0.0106267441
307   0.0000598707   0.0000064929   0.0001454291   0.0004324619   0.0106267581
308   0.0000599372   0.0000065127   0.0001454140   0.0004930285   0.0106267726
309   0.0000599481   0.0000065320   0.0001453936   0.0004900584   0.0106267772
310   0.0000599678   0.0000065520   0.0001453805   0.0005023750   0.0106267668
311   0.0000599485   0.0000065719   0.0001453666   0.0002541999   0.0106267617
312   0.0000599324   0.0000065912   0.0001453465   -0.0000524617   0.0106267760
313   0.0000600011   0.0000066111   0.0001453331   -0.0003642530   0.0106267909
314   0.0000598784   0.0000066301   0.0001453098   -0.0008676597   0.0106268017
315   0.0000599571   0.0000066494   0.0001452905   -0.0000485725   0.0106268104
316   0.0000599531   0.0000066693   0.0001452765   0.0001568201   0.0106268156
317   0.0000599640   0.0000066895   0.0001452675   -0.0001751203   0.0106268136
318   0.0000599684   0.0000067092   0.0001452514   0.0000692724   0.0106268310
319   0.0000600921   0.0000067288   0.0001452361   0.0004825330   0.0106268341
320   0.0000600607   0.0000067488   0.0001452240   -0.0001460570   0.0106268486
321   0.0000600058   0.0000067684   0.0001452082   -0.0001193716   0.0106268357
322   0.0000600764   0.0000067888   0.0001452006   0.0005324026   0.0106268374
323   0.0000600518   0.0000068080   0.0001451810   0.0003170589   0.0106268468
324   0.0000602428   0.0000068280   0.0001451692   0.0004652658   0.0106268460
325   0.0000603869   0.0000068479   0.0001451563   -0.0000395994   0.0106268427
326   0.0000602883   0.0000068674   0.0001451406   -0.0004029153   0.0106268498
327   0.0000602648   0.0000068874   0.0001451293   -0.0000993093   0.0106268547
328   0.0000603058   0.0000069082   0.0001451265   0.0003423516   0.0106268575
329   0.0000603169   0.0000069285   0.0001451186   -0.0002136439   0.0106268589
330   0.0000601866   0.0000069486   0.0001451083   0.0000549144   0.0106268704
331   0.0000601802   0.0000069685   0.0001450963   0.0005272687   0.0106268915
332   0.0000601764   0.0000069881   0.0001450812   0.0004660754   0.0106268999
333   0.0000601210   0.0000070078   0.0001450666   -0.0000582250   0.0106269124
334   0.0000600383   0.0000070280   0.0001450587   -0.0005942859   0.0106269115
335   0.0000598682   0.0000070473   0.0001450404   0.0000513275   0.0106269223
336   0.0000599427   0.0000070674   0.0001450306   -0.0000807475   0.0106269369
337   0.0000599929   0.0000070878   0.0001450241   -0.0000348225   0.0106269424
338   0.0000601115   0.0000071078   0.0001450136   -0.0000480337   0.0106269388
339   0.0000599535   0.0000071277   0.0001450018   -0.0001588196   0.0106269381
340   0.0000600887   0.0000071467   0.0001449818   0.0000783635   0.0106269381
341   0.0000601524   0.0000071662   0.0001449663   -0.0003062647   0.0106269329
342   0.0000601250   0.0000071860   0.0001449542   -0.0006080601   0.0106269355
343   0.0000601092   0.0000072057   0.0001449413   0.0003222144   0.0106269367
344   0.0000601407   0.0000072260   0.0001449334   -0.0002129201   0.0106269400
345   0.0000600406   0.0000072459   0.0001449224   -0.0005706228   0.0106269433
346   0.0000599812   0.0000072660   0.0001449136   -0.0002516888   0.0106269485
347   0.0000599938   0.0000072858   0.0001449021   -0.0003306983   0.0106269330
348   0.0000599024   0.0000073059   0.0001448933   -0.0004926194   0.0106269093
349   0.0000596898   0.0000073259   0.0001448835   -0.0001174538   0.0106268910
350   0.0000596018   0.0000073461   0.0001448758   -0.0001766412   0.0106268691
351   0.0000595779   0.0000073657   0.0001448615   -0.0000841197   0.0106268572
352   0.0000596161   0.0000073853   0.0001448477   -0.0007036391   0.0106268547
353   0.0000595787   0.0000074051   0.0001448362   -0.0002493832   0.0106268351
354   0.0000595221   0.0000074247   0.0001448228   -0.0000628001   0.0106268203
355   0.0000595582   0.0000074447   0.0001448133   -0.0007734752   0.0106268154
356   0.0000596367   0.0000074643   0.0001448003   -0.0002821813   0.0106268271
357   0.0000595891   0.0000074839   0.0001447866   -0.0004327638   0.0106268344
358   0.0000596899   0.0000075030   0.0001447694   -0.0006912586   0.0106268333
359   0.0000595755   0.0000075225   0.0001447551   -0.0004069633   0.0106268558
360   0.0000593847   0.0000075425   0.0001447463   -0.0004310329   0.0106268493
361   0.0000591310   0.0000075626   0.0001447375   -0.0001154298   0.0106268442
362   0.0000591175   0.0000075819   0.0001447225   -0.0005741752   0.0106268400
363   0.0000591219   0.0000076011   0.0001447057   -0.0007121980   0.0106268395
364   0.0000590461   0.0000076203   0.0001446894   -0.0004182020   0.0106268400
365   0.0000590414   0.0000076400   0.0001446774   -0.0003009655   0.0106268500
366   0.0000589515   0.0000076598   0.0001446664   -0.0004254638   0.0106268300
367   0.0000589598   0.0000076785   0.0001446459   0.0001428318   0.0106268211
368   0.0000589564   0.0000076978   0.0001446299   -0.0001852403   0.0106268278
369   0.0000589967   0.0000077161   0.0001446057   -0.0001392388   0.0106268153
370   0.0000590260   0.0000077355   0.0001445917   -0.0003831533   0.0106268195
371   0.0000591482   0.0000077547   0.0001445761   0.0002550482   0.0106268230
372   0.0000591507   0.0000077742   0.0001445625   0.0000989568   0.0106268056
373   0.0000591221   0.0000077933   0.0001445460   -0.0003838187   0.0106268157
374   0.0000590878   0.0000078127   0.0001445324   -0.0003044247   0.0106268322
375   0.0000590983   0.0000078320   0.0001445179   -0.0005069018   0.0106268255
376   0.0000587906   0.0000078507   0.0001444974   -0.0005601820   0.0106268442
377   0.0000586190   0.0000078690   0.0001444741   -0.0007623960   0.0106268526
378   0.0000585998   0.0000078886   0.0001444624   -0.0005566349   0.0106268762
379   0.0000585939   0.0000079073   0.0001444425   -0.0007200555   0.0106268846
380   0.0000585054   0.0000079265   0.0001444270   0.0001345094   0.0106268952
381   0.0000585563   0.0000079456   0.0001444113   0.0003250064   0.0106268953
382   0.0000586193   0.0000079646   0.0001443944   0.0001203792   0.0106269016
383   0.0000586699   0.0000079830   0.0001443720   -0.0005778515   0.0106269087
384   0.0000586285   0.0000080018   0.0001443538   -0.0003428170   0.0106269127
385   0.0000585796   0.0000080204   0.0001443336   0.0001369539   0.0106269029
386   0.0000585284   0.0000080398   0.0001443206   -0.0004268379   0.0106269129
387   0.0000584182   0.0000080585   0.0001443016   -0.0002597892   0.0106269198
388   0.0000582934   0.0000080781   0.0001442907   -0.0003507190   0.0106269079
389   0.0000582301   0.0000080967   0.0001442710   -0.0001418001   0.0106268950
390   0.0000582881   0.0000081158   0.0001442558   -0.0002191856   0.0106268919
391   0.0000582643   0.0000081347   0.0001442390   -0.0003492701   0.0106268946
392   0.0000582073   0.0000081536   0.0001442222   -0.0006473893   0.0106268987
393   0.0000579864   0.0000081731   0.0001442103   -0.0008088274   0.0106269105
394   0.0000579614   0.0000081919   0.0001441931   0.0001689413   0.0106269076
395   0.0000579594   0.0000082105   0.0001441736   0.0001123329   0.0106269197
396   0.0000578525   0.0000082301   0.0001441631   0.0000045177   0.0106269106
397   0.0000578868   0.0000082494   0.0001441507   -0.0002888455   0.0106268911
398   0.0000579098   0.0000082684   0.0001441350   -0.0000882546   0.0106268818
399   0.0000578848   0.0000082871   0.0001441172   -0.0004343695   0.0106268687
400   0.0000578782   0.0000083057   0.0001440982   0.0000930844   0.0106268525
401   0.0000579350   0.0000083250   0.0001440858   0.0000927884   0.0106268576
402   0.0000579960   0.0000083428   0.0001440600   0.0001364785   0.0106268613
403   0.0000579944   0.0000083616   0.0001440431   -0.0000448928   0.0106268635
404   0.0000578228   0.0000083804   0.0001440267   -0.0002817250   0.0106268246
405   0.0000576187   0.0000083984   0.0001440027   -0.0000650866   0.0106268114
406   0.0000575715   0.0000084164   0.0001439793   -0.0002335413   0.0106268007
407   0.0000574882   0.0000084350   0.0001439614   -0.0001994999   0.0106267884
408   0.0000574773   0.0000084535   0.0001439422   -0.0002670178   0.0106267896
409   0.0000575017   0.0000084723   0.0001439258   0.0003176656   0.0106267959
410   0.0000576603   0.0000084906   0.0001439055   0.0004515070   0.0106267870
411   0.0000576760   0.0000085100   0.0001438946   0.0007179900   0.0106267914
412   0.0000575922   0.0000085290   0.0001438804   0.0005040078   0.0106267904
413   0.0000574716   0.0000085484   0.0001438688   0.0000997822   0.0106267827
414   0.0000574345   0.0000085681   0.0001438611   -0.0001070230   0.0106267779
415   0.0000574589   0.0000085878   0.0001438520   0.0002466182   0.0106267871
416   0.0000576397   0.0000086065   0.0001438355   0.0004305499   0.0106267908
417   0.0000576458   0.0000086254   0.0001438207   -0.0005532928   0.0106267827
418   0.0000574992   0.0000086444   0.0001438067   -0.0000594031   0.0106267749
419   0.0000575371   0.0000086634   0.0001437929   -0.0001881705   0.0106267858
420   0.0000572701   0.0000086820   0.0001437752   0.0000009047   0.0106267874
421   0.0000572573   0.0000087018   0.0001437683   -0.0000898733   0.0106267880
422   0.0000571118   0.0000087212   0.0001437582   0.0000386054   0.0106267891
423   0.0000570426   0.0000087405   0.0001437463   -0.0000585147   0.0106267801
424   0.0000569531   0.0000087597   0.0001437348   -0.0001351337   0.0106267793
425   0.0000568131   0.0000087785   0.0001437196   0.0001061825   0.0106267722
426   0.0000566748   0.0000087980   0.0001437098   0.0001870363   0.0106267708
427   0.0000566220   0.0000088168   0.0001436947   0.0000618460   0.0106267683
428   0.0000564857   0.0000088362   0.0001436845   0.0002157184   0.0106267538
429   0.0000565849   0.0000088553   0.0001436727   0.0002501263   0.0106267488
430   0.0000565650   0.0000088740   0.0001436566   0.0001164706   0.0106267474
431   0.0000563697   0.0000088925   0.0001436392   0.0000479790   0.0106267324
432   0.0000564125   0.0000089118   0.0001436287   0.0007230422   0.0106267503
433   0.0000565705   0.0000089311   0.0001436176   0.0003853826   0.0106267492
434   0.0000566298   0.0000089500   0.0001436039   0.0000962757   0.0106267488
435   0.0000566314   0.0000089689   0.0001435900   0.0003087627   0.0106267460
436   0.0000566606   0.0000089872   0.0001435717   -0.0000238451   0.0106267531
437   0.0000567029   0.0000090067   0.0001435626   -0.0004500648   0.0106267492
438   0.0000566082   0.0000090257   0.0001435497   0.0002750047   0.0106267661
439   0.0000565429   0.0000090448   0.0001435381   -0.0000150943   0.0106267804
440   0.0000564400   0.0000090635   0.0001435229   0.0001581973   0.0106267844
441   0.0000564595   0.0000090827   0.0001435120   -0.0000549494   0.0106267851
442   0.0000565271   0.0000091016   0.0001434983   -0.0002542314   0.0106267890
443   0.0000564591   0.0000091195   0.0001434773   0.0003146370   0.0106267859
444   0.0000564995   0.0000091393   0.0001434713   -0.0007301655   0.0106267858
445   0.0000565605   0.0000091584   0.0001434597   -0.0007969429   0.0106267885
446   0.0000563526   0.0000091776   0.0001434485   0.0000256702   0.0106267796
447   0.0000563760   0.0000091972   0.0001434412   -0.0004569557   0.0106267662
448   0.0000563152   0.0000092170   0.0001434351   -0.0001727651   0.0106267356
449   0.0000562935   0.0000092357   0.0001434207   -0.0003757549   0.0106267283
450   0.0000562733   0.0000092549   0.0001434101   -0.0005002287   0.0106267358
451   0.0000561493   0.0000092749   0.0001434058   -0.0004718596   0.0106267243
452   0.0000560813   0.0000092941   0.0001433954   0.0003295970   0.0106267328
453   0.0000561436   0.0000093129   0.0001433815   0.0004616424   0.0106267431
454   0.0000560011   0.0000093320   0.0001433701   0.0001386816   0.0106267501
455   0.0000559516   0.0000093511   0.0001433591   0.0003683269   0.0106267540
456   0.0000560538   0.0000093698   0.0001433450   0.0006478555   0.0106267579
457   0.0000561623   0.0000093881   0.0001433283   0.0005010259   0.0106267417
458   0.0000560428   0.0000094074   0.0001433184   0.0001779982   0.0106267471
459   0.0000560235   0.0000094263   0.0001433063   0.0003690109   0.0106267595
460   0.0000560695   0.0000094454   0.0001432947   0.0003478743   0.0106267753
461   0.0000558795   0.0000094650   0.0001432882   -0.0001901176   0.0106267897
462   0.0000557481   0.0000094838   0.0001432751   0.0004624736   0.0106267908
463   0.0000557307   0.0000095028   0.0001432634   0.0000532026   0.0106267899
464   0.0000556076   0.0000095216   0.0001432507   0.0001578029   0.0106267947
465   0.0000555095   0.0000095410   0.0001432419   0.0005683653   0.0106267829
466   0.0000556325   0.0000095604   0.0001432337   0.0004190417   0.0106267908
467   0.0000556347   0.0000095790   0.0001432191   0.0000547262   0.0106267998
468   0.0000555648   0.0000095984   0.0001432109   0.0003543790   0.0106268063
469   0.0000553907   0.0000096165   0.0001431933   0.0002286056   0.0106268026
470   0.0000553603   0.0000096355   0.0001431821   0.0000523161   0.0106268010
471   0.0000553826   0.0000096543   0.0001431691   0.0002930467   0.0106268145
472   0.0000554216   0.0000096733   0.0001431585   0.0000081659   0.0106268122
473   0.0000552992   0.0000096922   0.0001431461   0.0000713797   0.0106268170
474   0.0000554018   0.0000097109   0.0001431334   -0.0002450021   0.0106268152
475   0.0000554434   0.0000097298   0.0001431216   0.0004839810   0.0106268219
476   0.0000554236   0.0000097487   0.0001431097   0.0001237248   0.0106268249
477   0.0000554534   0.0000097673   0.0001430961   0.0001201013   0.0106268320
478   0.0000553937   0.0000097854   0.0001430786   0.0004604645   0.0106268217
479   0.0000554848   0.0000098046   0.0001430693   0.0002160249   0.0106268352
480   0.0000555620   0.0000098241   0.0001430627   0.0000868385   0.0106268376
481   0.0000557102   0.0000098430   0.0001430509   -0.0001086293   0.0106268337
482   0.0000556488   0.0000098617   0.0001430386   -0.0002932247   0.0106268291
483   0.0000556831   0.0000098811   0.0001430307   0.0004418287   0.0106268218
484   0.0000558742   0.0000098995   0.0001430160   0.0009248628   0.0106268215
485   0.0000560014   0.0000099182   0.0001430032   -0.0004376403   0.0106268214
486   0.0000558666   0.0000099370   0.0001429911   0.0004343347   0.0106268221
487   0.0000558587   0.0000099553   0.0001429761   0.0002324653   0.0106268299
488   0.0000558569   0.0000099749   0.0001429700   -0.0000847578   0.0106268442
489   0.0000558321   0.0000099933   0.0001429554   0.0000411703   0.0106268474
490   0.0000558521   0.0000100126   0.0001429471   0.0003466354   0.0106268439
491   0.0000559135   0.0000100309   0.0001429322   0.0004229492   0.0106268519
492   0.0000560538   0.0000100496   0.0001429196   0.0002579619   0.0106268505
493   0.0000560579   0.0000100689   0.0001429114   0.0002461676   0.0106268432
494   0.0000561651   0.0000100882   0.0001429038   0.0004466400   0.0106268131
495   0.0000561485   0.0000101062   0.0001428866   -0.0003222046   0.0106268272
496   0.0000560569   0.0000101246   0.0001428722   -0.0001480883   0.0106268403
497   0.0000560107   0.0000101427   0.0001428563   0.0003391986   0.0106268451
498   0.0000560633   0.0000101618   0.0001428466   0.0003704130   0.0106268551
499   0.0000561162   0.0000101806   0.0001428358   0.0004549398   0.0106268567
500   0.0000560129   0.0000101988   0.0001428203   0.0003762103   0.0106268566
501   0.0000560727   0.0000102185   0.0001428153   0.0002980766   0.0106268514
502   0.0000560589   0.0000102367   0.0001428003   -0.0000802790   0.0106268576
503   0.0000560162   0.0000102555   0.0001427892   -0.0005262361   0.0106268662
504   0.0000560194   0.0000102749   0.0001427817   -0.0005847393   0.0106268739
505   0.0000557739   0.0000102947   0.0001427777   -0.0003823731   0.0106268768
506   0.0000557795   0.0000103135   0.0001427672   -0.0003454271   0.0106268805
507   0.0000559410   0.0000103319   0.0001427532   0.0002657519   0.0106268714
508   0.0000559017   0.0000103507   0.0001427424   0.0003706188   0.0106268821
509   0.0000557947   0.0000103702   0.0001427365   -0.0000227292   0.0106268932
510   0.0000559352   0.0000103887   0.0001427235   0.0003858116   0.0106268938
511   0.0000560407   0.0000104070   0.0001427091   0.0004540258   0.0106268890
512   0.0000561610   0.0000104269   0.0001427064   0.0007447278   0.0106268838
513   0.0000561304   0.0000104455   0.0001426939   0.0006841405   0.0106268843
514   0.0000561521   0.0000104648   0.0001426871   0.0002352339   0.0106268832
515   0.0000561913   0.0000104829   0.0001426715   0.0004783784   0.0106268940
516   0.0000561563   0.0000105025   0.0001426664   0.0000306204   0.0106268992
517   0.0000561539   0.0000105208   0.0001426527   0.0000439624   0.0106269131
518   0.0000560749   0.0000105403   0.0001426468   -0.0001294687   0.0106269257
519   0.0000561795   0.0000105593   0.0001426375   0.0005555011   0.0106269279
520   0.0000561945   0.0000105777   0.0001426241   0.0004424219   0.0106269352
521   0.0000562387   0.0000105977   0.0001426222   0.0001980241   0.0106269571
522   0.0000562741   0.0000106166   0.0001426126   0.0008009365   0.0106269504
523   0.0000564249   0.0000106356   0.0001426033   0.0003351324   0.0106269645
524   0.0000564507   0.0000106553   0.0001425989   0.0003166490   0.0106269681
525   0.0000564224   0.0000106743   0.0001425906   0.0001243613   0.0106269629
526   0.0000563958   0.0000106945   0.0001425896   -0.0000752275   0.0106269605
527   0.0000562379   0.0000107140   0.0001425836   0.0004340980   0.0106269606
528   0.0000562676   0.0000107328   0.0001425735   -0.0000582471   0.0106269660
529   0.0000562470   0.0000107521   0.0001425671   0.0001765713   0.0106269586
530   0.0000563435   0.0000107715   0.0001425610   -0.0003713665   0.0106269450
531   0.0000561012   0.0000107909   0.0001425547   -0.0003119162   0.0106269455
532   0.0000560555   0.0000108100   0.0001425466   -0.0001110577   0.0106269420
533   0.0000561421   0.0000108279   0.0001425307   0.0003529167   0.0106269476
534   0.0000562196   0.0000108469   0.0001425220   0.0006509468   0.0106269483
535   0.0000564345   0.0000108654   0.0001425103   0.0002609995   0.0106269419
536   0.0000564823   0.0000108842   0.0001425005   0.0002695122   0.0106269347
537   0.0000563889   0.0000109031   0.0001424910   -0.0002334081   0.0106269329
538   0.0000561398   0.0000109206   0.0001424726   -0.0003824583   0.0106269371
539   0.0000560120   0.0000109393   0.0001424624   0.0003129656   0.0106269602
540   0.0000559084   0.0000109568   0.0001424441   -0.0001508755   0.0106269744
541   0.0000559537   0.0000109751   0.0001424311   0.0000607180   0.0106269591
542   0.0000559914   0.0000109939   0.0001424216   0.0001226571   0.0106269630
543   0.0000562396   0.0000110115   0.0001424046   0.0004891368   0.0106269665
544   0.0000563671   0.0000110304   0.0001423956   0.0005890619   0.0106269623
545   0.0000565047   0.0000110488   0.0001423836   0.0002802747   0.0106269620
546   0.0000564558   0.0000110681   0.0001423774   -0.0001226837   0.0106269500
547   0.0000565169   0.0000110855   0.0001423584   -0.0000376574   0.0106269569
548   0.0000566083   0.0000111034   0.0001423436   0.0004986874   0.0106269521
549   0.0000564947   0.0000111227   0.0001423371   0.0001102513   0.0106269474
550   0.0000565350   0.0000111414   0.0001423272   0.0005142308   0.0106269424
551   0.0000566984   0.0000111605   0.0001423200   -0.0005033251   0.0106269420
552   0.0000567098   0.0000111798   0.0001423141   0.0004350041   0.0106269405
553   0.0000567067   0.0000111987   0.0001423051   0.0003557390   0.0106269482
554   0.0000566872   0.0000112188   0.0001423043   0.0010760865   0.0106269495
555   0.0000567202   0.0000112379   0.0001422970   0.0005869894   0.0106269485
556   0.0000568385   0.0000112566   0.0001422876   0.0002303115   0.0106269638
557   0.0000569676   0.0000112756   0.0001422792   0.0000109389   0.0106269876
558   0.0000568267   0.0000112941   0.0001422682   0.0001318817   0.0106269970
559   0.0000568906   0.0000113135   0.0001422632   -0.0002610442   0.0106269709
560   0.0000567804   0.0000113326   0.0001422560   -0.0004482675   0.0106269910
561   0.0000567637   0.0000113523   0.0001422524   -0.0005191078   0.0106269959
562   0.0000566933   0.0000113707   0.0001422411   0.0001115476   0.0106270102
563   0.0000567996   0.0000113895   0.0001422324   -0.0006015404   0.0106270215
564   0.0000567281   0.0000114082   0.0001422225   -0.0002726687   0.0106270254
565   0.0000565865   0.0000114276   0.0001422178   -0.0002498844   0.0106270335
566   0.0000566131   0.0000114468   0.0001422115   -0.0000544183   0.0106270382
567   0.0000566572   0.0000114652   0.0001421997   -0.0005147226   0.0106270465
568   0.0000566105   0.0000114847   0.0001421953   -0.0002477986   0.0106270430
569   0.0000566631   0.0000115041   0.0001421905   -0.0001675399   0.0106270401
570   0.0000566129   0.0000115225   0.0001421789   -0.0003439166   0.0106270533
571   0.0000566230   0.0000115409   0.0001421677   0.0002901103   0.0106270671
572   0.0000567010   0.0000115605   0.0001421641   0.0000033453   0.0106270830
573   0.0000566434   0.0000115794   0.0001421564   -0.0004902614   0.0106271057
574   0.0000566675   0.0000115986   0.0001421500   -0.0000681295   0.0106271173
575   0.0000567651   0.0000116180   0.0001421449   0.0001201461   0.0106271018
576   0.0000568152   0.0000116379   0.0001421435   -0.0002615990   0.0106270894
577   0.0000566954   0.0000116570   0.0001421364   -0.0005350909   0.0106270663
578   0.0000565120   0.0000116764   0.0001421313   -0.0001731011   0.0106270548
579   0.0000564821   0.0000116955   0.0001421251   0.0001156107   0.0106270631
580   0.0000563647   0.0000117139   0.0001421142   0.0001101408   0.0106270722
581   0.0000562200   0.0000117337   0.0001421118   -0.0000298189   0.0106270848
582   0.0000561755   0.0000117516   0.0001420976   -0.0003523703   0.0106270912
583   0.0000561443   0.0000117707   0.0001420909   0.0000036517   0.0106270935
584   0.0000560872   0.0000117896   0.0001420831   -0.0003633674   0.0106270767
585   0.0000560372   0.0000118083   0.0001420743   -0.0001503466   0.0106270549
586   0.0000561399   0.0000118267   0.0001420639   0.0002237069   0.0106270459
587   0.0000562206   0.0000118464   0.0001420609   -0.0001917608   0.0106270365
588   0.0000561115   0.0000118652   0.0001420524   -0.0003369713   0.0106270284
589   0.0000559476   0.0000118839   0.0001420437   0.0002733671   0.0106270396
590   0.0000559515   0.0000119033   0.0001420390   0.0001942305   0.0106270418
591   0.0000558501   0.0000119219   0.0001420294   -0.0002590905   0.0106270296
592   0.0000559471   0.0000119409   0.0001420229   -0.0001912082   0.0106270228
593   0.0000559214   0.0000119600   0.0001420164   -0.0006290750   0.0106270075
594   0.0000558985   0.0000119782   0.0001420047   -0.0002971997   0.0106270092
595   0.0000558042   0.0000119963   0.0001419925   -0.0000529876   0.0106270011
596   0.0000558143   0.0000120147   0.0001419819   -0.0001614082   0.0106269976
597   0.0000557487   0.0000120328   0.0001419698   -0.0001787774   0.0106269970
598   0.0000556984   0.0000120518   0.0001419628   -0.0001797015   0.0106269997
599   0.0000557946   0.0000120701   0.0001419524   -0.0002512922   0.0106270060
600   0.0000556838   0.0000120879   0.0001419382   -0.0002793312   0.0106270057
601   0.0000555672   0.0000121061   0.0001419272   0.0002077585   0.0106270071
602   0.0000556964   0.0000121252   0.0001419206   -0.0001331309   0.0106270223
603   0.0000557757   0.0000121437   0.0001419110   -0.0003086232   0.0106270260
604   0.0000557074   0.0000121626   0.0001419040   -0.0003193032   0.0106270316
605   0.0000556993   0.0000121808   0.0001418927   -0.0002007939   0.0106270346
606   0.0000558204   0.0000122000   0.0001418871   -0.0000908041   0.0106270208
607   0.0000557827   0.0000122182   0.0001418762   0.0000953799   0.0106270209
608   0.0000557425   0.0000122367   0.0001418665   0.0001855898   0.0106270130
609   0.0000555988   0.0000122549   0.0001418555   0.0001161137   0.0106270078
610   0.0000556636   0.0000122741   0.0001418503   0.0002432115   0.0106270102
611   0.0000557144   0.0000122933   0.0001418450   -0.0003227754   0.0106270103
612   0.0000556981   0.0000123116   0.0001418343   -0.0002191576   0.0106270011
613   0.0000557894   0.0000123312   0.0001418311   0.0001069937   0.0106269920
614   0.0000559293   0.0000123495   0.0001418209   -0.0002642977   0.0106269617
615   0.0000558974   0.0000123674   0.0001418081   -0.0005075893   0.0106269475
616   0.0000559699   0.0000123863   0.0001418012   0.0005277373   0.0106269403
617   0.0000560577   0.0000124045   0.0001417903   -0.0004875192   0.0106269423
618   0.0000559954   0.0000124221   0.0001417764   0.0000286613   0.0106269350
619   0.0000559088   0.0000124400   0.0001417637   -0.0003619448   0.0106269176
620   0.0000558313   0.0000124590   0.0001417577   -0.0000378126   0.0106269303
621   0.0000558001   0.0000124779   0.0001417505   -0.0001872439   0.0106269378
622   0.0000558828   0.0000124955   0.0001417367   0.0002140919   0.0106269356
623   0.0000559592   0.0000125133   0.0001417237   0.0001564603   0.0106269359
624   0.0000559928   0.0000125308   0.0001417090   -0.0006710148   0.0106269505
625   0.0000558659   0.0000125485   0.0001416952   -0.0002470691   0.0106269485
626   0.0000558899   0.0000125671   0.0001416870   0.0000372149   0.0106269490
627   0.0000559682   0.0000125852   0.0001416762   0.0001122614   0.0106269615
628   0.0000559961   0.0000126033   0.0001416651   -0.0005256429   0.0106269763
629   0.0000559520   0.0000126214   0.0001416537   -0.0003532939   0.0106269838
630   0.0000559284   0.0000126408   0.0001416503   -0.0003514826   0.0106269998
631   0.0000559644   0.0000126594   0.0001416421   0.0001061831   0.0106270205
632   0.0000562046   0.0000126784   0.0001416361   0.0004686945   0.0106270254
633   0.0000563459   0.0000126974   0.0001416303   -0.0001107720   0.0106270426
634   0.0000564383   0.0000127162   0.0001416232   0.0001498405   0.0106270412
635   0.0000565812   0.0000127354   0.0001416181   0.0004712154   0.0106270339
636   0.0000567187   0.0000127555   0.0001416185   0.0000915626   0.0106270327
637   0.0000565387   0.0000127745   0.0001416129   -0.0001327731   0.0106270429
638   0.0000566438   0.0000127941   0.0001416099   -0.0001895553   0.0106270344
639   0.0000567510   0.0000128127   0.0001416023   -0.0000164840   0.0106270416
640   0.0000567762   0.0000128317   0.0001415966   0.0005247687   0.0106270421
641   0.0000570146   0.0000128499   0.0001415860   0.0003175047   0.0106270504
642   0.0000571389   0.0000128689   0.0001415803   0.0003630130   0.0106270507
643   0.0000572081   0.0000128870   0.0001415698   0.0000274794   0.0106270529
644   0.0000573374   0.0000129062   0.0001415649   0.0002094658   0.0106270630
645   0.0000572809   0.0000129233   0.0001415489   0.0003276513   0.0106270629
646   0.0000572148   0.0000129415   0.0001415388   0.0000595486   0.0106270741
647   0.0000570836   0.0000129611   0.0001415366   -0.0000467254   0.0106270794
648   0.0000568691   0.0000129799   0.0001415300   -0.0003048018   0.0106270793
649   0.0000567439   0.0000129992   0.0001415261   0.0004340153   0.0106270681
650   0.0000566661   0.0000130179   0.0001415186   0.0002012892   0.0106270692
651   0.0000566228   0.0000130361   0.0001415088   -0.0002706410   0.0106270655
652   0.0000565811   0.0000130545   0.0001415000   -0.0003693264   0.0106270545
653   0.0000565041   0.0000130724   0.0001414883   -0.0001298362   0.0106270571
654   0.0000563717   0.0000130901   0.0001414758   0.0000782113   0.0106270624
655   0.0000563099   0.0000131090   0.0001414698   0.0003528884   0.0106270660
656   0.0000564706   0.0000131285   0.0001414672   -0.0004662666   0.0106270399
657   0.0000563665   0.0000131470   0.0001414592   -0.0000403346   0.0106270251
658   0.0000564215   0.0000131645   0.0001414455   -0.0000870910   0.0106270186
659   0.0000563948   0.0000131830   0.0001414373   0.0003059065   0.0106270044
660   0.0000562366   0.0000132013   0.0001414281   0.0006527988   0.0106270016
661   0.0000561603   0.0000132193   0.0001414176   0.0005602287   0.0106269977
662   0.0000560984   0.0000132374   0.0001414076   0.0002961767   0.0106269959
663   0.0000561730   0.0000132565   0.0001414029   -0.0003808632   0.0106269907
664   0.0000563030   0.0000132754   0.0001413967   -0.0000327084   0.0106269894
665   0.0000562956   0.0000132934   0.0001413865   -0.0001522395   0.0106269762
666   0.0000561425   0.0000133113   0.0001413750   -0.0000220117   0.0106269770
667   0.0000562426   0.0000133295   0.0001413657   -0.0000051975   0.0106269682
668   0.0000561255   0.0000133476   0.0001413559   0.0005026561   0.0106269564
669   0.0000562808   0.0000133662   0.0001413483   0.0001904935   0.0106269653
670   0.0000562998   0.0000133844   0.0001413388   0.0003938491   0.0106269754
671   0.0000563184   0.0000134023   0.0001413279   -0.0000807310   0.0106269804
672   0.0000563753   0.0000134211   0.0001413218   -0.0001681991   0.0106269790
673   0.0000562729   0.0000134387   0.0001413093   0.0000278307   0.0106269713
674   0.0000562462   0.0000134575   0.0001413035   0.0002293865   0.0106269653
675   0.0000562727   0.0000134766   0.0001412987   0.0000874775   0.0106269625
676   0.0000562789   0.0000134942   0.0001412863   0.0002811054   0.0106269599
677   0.0000562556   0.0000135127   0.0001412786   0.0000229423   0.0106269734
678   0.0000562107   0.0000135311   0.0001412707   0.0003016309   0.0106269670
679   0.0000562765   0.0000135490   0.0001412598   -0.0001462346   0.0106269639
680   0.0000561963   0.0000135668   0.0001412484   -0.0003337858   0.0106269575
681   0.0000561781   0.0000135848   0.0001412384   -0.0001223839   0.0106269725
682   0.0000560714   0.0000136037   0.0001412328   -0.0001857272   0.0106269716
683   0.0000559205   0.0000136218   0.0001412237   0.0005819958   0.0106269796
684   0.0000560770   0.0000136397   0.0001412130   -0.0001930910   0.0106269703
685   0.0000559873   0.0000136577   0.0001412027   0.0004712768   0.0106269480
686   0.0000559053   0.0000136761   0.0001411947   -0.0000443758   0.0106269347
687   0.0000558788   0.0000136941   0.0001411847   -0.0000884499   0.0106269385
688   0.0000558832   0.0000137123   0.0001411759   0.0006831508   0.0106269439
689   0.0000559030   0.0000137307   0.0001411684   0.0005390197   0.0106269341
690   0.0000559387   0.0000137496   0.0001411628   -0.0000740769   0.0106269386
691   0.0000559306   0.0000137678   0.0001411538   -0.0000143876   0.0106269108
692   0.0000558107   0.0000137865   0.0001411476   0.0000578595   0.0106269118
693   0.0000558107   0.0000138052   0.0001411414   -0.0001285835   0.0106268968
694   0.0000557190   0.0000138241   0.0001411362   0.0002054384   0.0106269086
695   0.0000557572   0.0000138426   0.0001411289   -0.0001160439   0.0106269219
696   0.0000558384   0.0000138601   0.0001411169   0.0001166629   0.0106269270
697   0.0000557587   0.0000138788   0.0001411106   0.0002523241   0.0106269213
698   0.0000558523   0.0000138972   0.0001411028   0.0000777837   0.0106269057
699   0.0000558021   0.0000139154   0.0001410941   0.0004177257   0.0106269009
700   0.0000556508   0.0000139338   0.0001410867   -0.0003540439   0.0106268996
701   0.0000555121   0.0000139528   0.0001410821   0.0002367566   0.0106268813
702   0.0000554372   0.0000139711   0.0001410739   -0.0002254360   0.0106268837
703   0.0000555172   0.0000139906   0.0001410721   -0.0004242477   0.0106268911
704   0.0000556048   0.0000140099   0.0001410691   0.0004533712   0.0106269021
705   0.0000555443   0.0000140295   0.0001410672   0.0002600897   0.0106269141
706   0.0000556187   0.0000140487   0.0001410638   0.0004534200   0.0106269144
707   0.0000555422   0.0000140668   0.0001410548   0.0001127484   0.0106269335
708   0.0000554118   0.0000140845   0.0001410438   -0.0000517814   0.0106269565
709   0.0000554330   0.0000141045   0.0001410446   -0.0001394193   0.0106269764
710   0.0000552819   0.0000141228   0.0001410364   -0.0004483119   0.0106269840
711   0.0000552635   0.0000141410   0.0001410280   -0.0004320938   0.0106270019
712   0.0000550955   0.0000141597   0.0001410221   -0.0002632536   0.0106270186
713   0.0000551511   0.0000141782   0.0001410151   -0.0004523662   0.0106270237
714   0.0000551654   0.0000141973   0.0001410111   0.0000839805   0.0106270309
715   0.0000552412   0.0000142157   0.0001410040   -0.0001728748   0.0106270389
716   0.0000552195   0.0000142346   0.0001409990   -0.0005480796   0.0106270147
717   0.0000551507   0.0000142543   0.0001409981   -0.0002575009   0.0106270207
718   0.0000551539   0.0000142736   0.0001409954   -0.0003123904   0.0106270126
719   0.0000550596   0.0000142933   0.0001409943   0.0002750034   0.0106270047
720   0.0000549743   0.0000143119   0.0001409879   -0.0000659186   0.0106270027
721   0.0000548337   0.0000143306   0.0001409824   -0.0002088047   0.0106269966
722   0.0000549694   0.0000143486   0.0001409730   0.0005574563   0.0106269881
723   0.0000551798   0.0000143667   0.0001409643   0.0001459644   0.0106269969
724   0.0000552962   0.0000143846   0.0001409548   0.0006384758   0.0106269943
725   0.0000554850   0.0000144038   0.0001409515   0.0008789497   0.0106270045
726   0.0000555163   0.0000144228   0.0001409472   0.0002889096   0.0106270167
727   0.0000554158   0.0000144410   0.0001409388   0.0001818812   0.0106270239
728   0.0000553298   0.0000144603   0.0001409361   -0.0001104228   0.0106270024
729   0.0000553218   0.0000144791   0.0001409311   -0.0001825139   0.0106270044
730   0.0000552079   0.0000144976   0.0001409245   -0.0002699520   0.0106270003
731   0.0000552143   0.0000145159   0.0001409167   -0.0002012472   0.0106269985
732   0.0000552417   0.0000145342   0.0001409095   -0.0001159690   0.0106270024
733   0.0000551109   0.0000145528   0.0001409031   0.0001883832   0.0106270000
734   0.0000551943   0.0000145716   0.0001408984   0.0003915144   0.0106270000
735   0.0000553080   0.0000145896   0.0001408891   0.0000932812   0.0106269937
736   0.0000553551   0.0000146070   0.0001408774   0.0002556156   0.0106269733
737   0.0000552969   0.0000146262   0.0001408742   0.0001608036   0.0106269776
738   0.0000552204   0.0000146454   0.0001408713   0.0002043910   0.0106269862
739   0.0000552786   0.0000146631   0.0001408609   0.0004557598   0.0106269813
740   0.0000552633   0.0000146803   0.0001408483   0.0005404974   0.0106269893
741   0.0000552392   0.0000146991   0.0001408435   -0.0000049111   0.0106269723
742   0.0000553551   0.0000147166   0.0001408324   0.0006418511   0.0106269636
743   0.0000555162   0.0000147356   0.0001408282   0.0003904736   0.0106269648
744   0.0000554636   0.0000147530   0.0001408164   0.0002950196   0.0106269611
745   0.0000554233   0.0000147713   0.0001408092   0.0000571036   0.0106269610
746   0.0000555882   0.0000147887   0.0001407979   -0.0000914936   0.0106269648
747   0.0000556446   0.0000148066   0.0001407887   -0.0001415462   0.0106269512
748   0.0000555290   0.0000148257   0.0001407852   -0.0004369430   0.0106269502
749   0.0000553277   0.0000148436   0.0001407760   0.0003884497   0.0106269731
750   0.0000553398   0.0000148610   0.0001407648   -0.0002303180   0.0106269809
751   0.0000555052   0.0000148782   0.0001407521   0.0000454520   0.0106269833
752   0.0000554114   0.0000148960   0.0001407426   0.0003092755   0.0106269969
753   0.0000554815   0.0000149145   0.0001407368   -0.0000184285   0.0106270066
754   0.0000552893   0.0000149327   0.0001407292   -0.0000436166   0.0106270223
755   0.0000552359   0.0000149511   0.0001407222   0.0001185696   0.0106270179
756   0.0000553028   0.0000149688   0.0001407123   0.0000172027   0.0106270154
757   0.0000553570   0.0000149870   0.0001407050   -0.0000055297   0.0106270053
758   0.0000550774   0.0000150048   0.0001406955   0.0000135178   0.0106270025
759   0.0000549954   0.0000150221   0.0001406840   0.0002559309   0.0106269938
760   0.0000549292   0.0000150405   0.0001406776   -0.0000596077   0.0106269874
761   0.0000551159   0.0000150593   0.0001406730   0.0003721077   0.0106270000
762   0.0000552146   0.0000150766   0.0001406613   -0.0000479372   0.0106270030
763   0.0000553601   0.0000150953   0.0001406559   0.0002547573   0.0106270196
764   0.0000553982   0.0000151120   0.0001406420   0.0003979832   0.0106270402
765   0.0000553110   0.0000151311   0.0001406388   0.0003654268   0.0106270526
766   0.0000553630   0.0000151500   0.0001406346   0.0006199361   0.0106270606
767   0.0000553356   0.0000151687   0.0001406295   0.0003362666   0.0106270757
768   0.0000553154   0.0000151865   0.0001406204   0.0000706997   0.0106270849
769   0.0000552664   0.0000152043   0.0001406115   0.0003430658   0.0106270850
770   0.0000550858   0.0000152216   0.0001405998   -0.0001540192   0.0106270916
771   0.0000551448   0.0000152399   0.0001405930   -0.0000870054   0.0106270937
772   0.0000550626   0.0000152590   0.0001405898   0.0003560348   0.0106271070
773   0.0000552097   0.0000152771   0.0001405822   0.0005211663   0.0106271152
774   0.0000554400   0.0000152947   0.0001405726   0.0004975179   0.0106271278
775   0.0000555804   0.0000153125   0.0001405635   0.0003714679   0.0106271320
776   0.0000555654   0.0000153322   0.0001405629   0.0003352010   0.0106271457
777   0.0000555071   0.0000153515   0.0001405612   -0.0002318863   0.0106271570
778   0.0000555701   0.0000153698   0.0001405544   -0.0000079965   0.0106271741
779   0.0000555655   0.0000153875   0.0001405449   0.0005813163   0.0106271880
780   0.0000555780   0.0000154059   0.0001405390   -0.0002020876   0.0106272068
781   0.0000554315   0.0000154251   0.0001405362   0.0001264269   0.0106272219
782   0.0000554556   0.0000154422   0.0001405244   -0.0004408257   0.0106272153
783   0.0000554580   0.0000154605   0.0001405175   -0.0001522822   0.0106272183
784   0.0000553165   0.0000154789   0.0001405114   -0.0001095263   0.0106272224
785   0.0000552812   0.0000154974   0.0001405059   -0.0002258330   0.0106272249
786   0.0000553433   0.0000155144   0.0001404934   -0.0001298453   0.0106272296
787   0.0000552648   0.0000155322   0.0001404846   -0.0006923433   0.0106272445
788   0.0000551671   0.0000155504   0.0001404777   -0.0002431015   0.0106272602
789   0.0000551660   0.0000155690   0.0001404725   -0.0003662107   0.0106272667
790   0.0000551859   0.0000155873   0.0001404661   -0.0000433936   0.0106272709
791   0.0000551132   0.0000156051   0.0001404574   -0.0001228007   0.0106272808
792   0.0000551489   0.0000156224   0.0001404466   -0.0003798096   0.0106272922
793   0.0000552361   0.0000156410   0.0001404415   0.0003939887   0.0106272885
794   0.0000551399   0.0000156592   0.0001404346   0.0002006988   0.0106272854
795   0.0000551762   0.0000156773   0.0001404274   0.0002539658   0.0106272678
796   0.0000551396   0.0000156962   0.0001404237   -0.0002746049   0.0106272660
797   0.0000552575   0.0000157146   0.0001404179   -0.0011634394   0.0106272782
798   0.0000549980   0.0000157331   0.0001404123   -0.0005726686   0.0106272784
799   0.0000548263   0.0000157513   0.0001404058   0.0002417046   0.0106272897
800   0.0000547695   0.0000157685   0.0001403944   -0.0005317781   0.0106273011
801   0.0000548230   0.0000157860   0.0001403845   -0.0008800803   0.0106273082
802   0.0000547885   0.0000158041   0.0001403775   -0.0000070829   0.0106273195
803   0.0000548530   0.0000158218   0.0001403687   0.0002254337   0.0106273186
804   0.0000547635   0.0000158399   0.0001403617   -0.0000437342   0.0106273234
805   0.0000547598   0.0000158583   0.0001403557   0.0001099573   0.0106273204
806   0.0000547778   0.0000158767   0.0001403502   0.0000902500   0.0106273269
807   0.0000547064   0.0000158947   0.0001403424   0.0000144777   0.0106273380
808   0.0000546317   0.0000159128   0.0001403354   -0.0001869880   0.0106273341
809   0.0000548042   0.0000159310   0.0001403289   0.0002550815   0.0106273433
810   0.0000549391   0.0000159486   0.0001403198   0.0001592800   0.0106273536
811   0.0000547421   0.0000159663   0.0001403108   0.0001121491   0.0106273603
812   0.0000548014   0.0000159849   0.0001403064   0.0000745647   0.0106273696
813   0.0000548719   0.0000160028   0.0001402983   0.0001888869   0.0106273755
814   0.0000550130   0.0000160203   0.0001402891   0.0002514524   0.0106273830
815   0.0000550342   0.0000160383   0.0001402817   0.0002514651   0.0106273931
816   0.0000550907   0.0000160561   0.0001402734   -0.0001072483   0.0106274087
817   0.0000550295   0.0000160745   0.0001402677   0.0002040289   0.0106274198
818   0.0000549909   0.0000160929   0.0001402622   0.0002428757   0.0106274176
819   0.0000550320   0.0000161118   0.0001402587   0.0000887717   0.0106274337
820   0.0000548166   0.0000161302   0.0001402531   0.0002182415   0.0106274381
821   0.0000547069   0.0000161493   0.0001402507   0.0000514807   0.0106274482
822   0.0000548229   0.0000161667   0.0001402411   -0.0001788051   0.0106274426
823   0.0000547380   0.0000161845   0.0001402330   -0.0003190923   0.0106274433
824   0.0000545952   0.0000162022   0.0001402244   -0.0005916614   0.0106274509
825   0.0000544504   0.0000162203   0.0001402174   -0.0005343435   0.0106274605
826   0.0000543753   0.0000162384   0.0001402108   -0.0002032040   0.0106274533
827   0.0000544307   0.0000162566   0.0001402044   -0.0000206607   0.0106274558
828   0.0000544142   0.0000162748   0.0001401983   -0.0002608932   0.0106274544
829   0.0000544045   0.0000162925   0.0001401897   -0.0001742471   0.0106274593
830   0.0000544443   0.0000163112   0.0001401858   -0.0003892237   0.0106274552
831   0.0000544729   0.0000163282   0.0001401745   -0.0001653212   0.0106274555
832   0.0000545513   0.0000163463   0.0001401676   0.0000299199   0.0106274381
833   0.0000545935   0.0000163654   0.0001401654   -0.0004802870   0.0106274115
834   0.0000543726   0.0000163843   0.0001401621   -0.0005518808   0.0106274073
835   0.0000543088   0.0000164021   0.0001401544   0.0000271482   0.0106274204
836   0.0000544379   0.0000164194   0.0001401443   -0.0004877683   0.0106274070
837   0.0000545167   0.0000164372   0.0001401366   0.0002360301   0.0106274081
838   0.0000545556   0.0000164549   0.0001401281   -0.0000271527   0.0106274054
839   0.0000545977   0.0000164723   0.0001401187   0.0005831973   0.0106273906
840   0.0000545651   0.0000164911   0.0001401153   -0.0003027243   0.0106273676
841   0.0000546443   0.0000165090   0.0001401076   -0.0001419580   0.0106273558
842   0.0000548119   0.0000165277   0.0001401038   0.0000108017   0.0106273413
843   0.0000548733   0.0000165467   0.0001401010   0.0000419745   0.0106273310
844   0.0000549916   0.0000165636   0.0001400897   -0.0000129634   0.0106273162
845   0.0000551987   0.0000165818   0.0001400837   -0.0005299864   0.0106273162
846   0.0000551042   0.0000165990   0.0001400736   -0.0003661028   0.0106272953
847   0.0000550057   0.0000166161   0.0001400628   0.0002377024   0.0106272780
848   0.0000551829   0.0000166336   0.0001400540   0.0005726779   0.0106272722
849   0.0000552784   0.0000166515   0.0001400466   0.0001346095   0.0106272619
850   0.0000554036   0.0000166688   0.0001400368   0.0004013798   0.0106272578
851   0.0000555491   0.0000166864   0.0001400287   0.0005523913   0.0106272405
852   0.0000555153   0.0000167029   0.0001400156   -0.0002016383   0.0106272310
853   0.0000555305   0.0000167217   0.0001400121   0.0002285151   0.0106272369
854   0.0000555964   0.0000167401   0.0001400071   0.0000914110   0.0106272459
855   0.0000557264   0.0000167581   0.0001400003   0.0002378046   0.0106272574
856   0.0000558966   0.0000167757   0.0001399922   0.0004543238   0.0106272664
857   0.0000557913   0.0000167946   0.0001399893   0.0005479345   0.0106272831
858   0.0000558699   0.0000168131   0.0001399846   0.0003830199   0.0106273031
859   0.0000558660   0.0000168310   0.0001399776   0.0004917735   0.0106272953
860   0.0000558194   0.0000168502   0.0001399760   0.0002032688   0.0106273005
861   0.0000559051   0.0000168689   0.0001399723   -0.0001850519   0.0106272888
862   0.0000557985   0.0000168878   0.0001399692   0.0002789822   0.0106273021
863   0.0000560345   0.0000169052   0.0001399601   -0.0002740537   0.0106272987
864   0.0000560530   0.0000169237   0.0001399556   0.0004183632   0.0106273069
865   0.0000561118   0.0000169420   0.0001399504   0.0002419451   0.0106273146
866   0.0000561281   0.0000169598   0.0001399433   0.0000587127   0.0106273174
867   0.0000560842   0.0000169766   0.0001399316   -0.0000797296   0.0106273175
868   0.0000561362   0.0000169944   0.0001399243   0.0007512913   0.0106273267
869   0.0000561630   0.0000170130   0.0001399203   0.0002651762   0.0106273178
870   0.0000561176   0.0000170310   0.0001399136   0.0000135995   0.0106273086
871   0.0000561807   0.0000170482   0.0001399040   0.0002995153   0.0106272945
872   0.0000560329   0.0000170664   0.0001398982   0.0001378649   0.0106272853
873   0.0000559819   0.0000170836   0.0001398885   0.0001440548   0.0106272845
874   0.0000560529   0.0000171016   0.0001398822   0.0007447363   0.0106272819
875   0.0000560894   0.0000171187   0.0001398720   0.0006764507   0.0106272812
876   0.0000561891   0.0000171354   0.0001398604   0.0005627121   0.0106272787
877   0.0000562396   0.0000171537   0.0001398553   0.0004461765   0.0106272753
878   0.0000563999   0.0000171716   0.0001398486   0.0002928298   0.0106272772
879   0.0000565346   0.0000171894   0.0001398414   0.0004418977   0.0106272876
880   0.0000564770   0.0000172080   0.0001398377   0.0001719447   0.0106272921
881   0.0000564791   0.0000172248   0.0001398264   -0.0002421584   0.0106273015
882   0.0000566032   0.0000172432   0.0001398218   0.0003448555   0.0106272876
883   0.0000567025   0.0000172608   0.0001398138   0.0005548909   0.0106272865
884   0.0000568060   0.0000172776   0.0001398027   0.0002288976   0.0106272752
885   0.0000568550   0.0000172960   0.0001397982   -0.0001710637   0.0106272810
886   0.0000568326   0.0000173146   0.0001397943   -0.0000272233   0.0106272649
887   0.0000567900   0.0000173309   0.0001397812   0.0000454779   0.0106272669
888   0.0000569561   0.0000173484   0.0001397729   0.0005194649   0.0106272748
889   0.0000569436   0.0000173670   0.0001397694   0.0002778475   0.0106272701
890   0.0000570116   0.0000173848   0.0001397620   0.0001101551   0.0106272747
891   0.0000567881   0.0000174005   0.0001397467   0.0004087736   0.0106272647
892   0.0000569168   0.0000174183   0.0001397399   0.0003629969   0.0106272759
893   0.0000570060   0.0000174351   0.0001397290   0.0002085884   0.0106272909
894   0.0000569805   0.0000174528   0.0001397217   0.0001077050   0.0106272978
895   0.0000571312   0.0000174703   0.0001397136   0.0002352314   0.0106273096
896   0.0000572561   0.0000174872   0.0001397033   -0.0003110802   0.0106273172
897   0.0000570276   0.0000175049   0.0001396957   -0.0004178929   0.0106273222
898   0.0000569162   0.0000175228   0.0001396893   -0.0001442589   0.0106273312
899   0.0000567848   0.0000175401   0.0001396807   0.0001492203   0.0106273445
900   0.0000567740   0.0000175584   0.0001396758   -0.0001222929   0.0106273410
901   0.0000567628   0.0000175758   0.0001396675   0.0000743088   0.0106273552
902   0.0000568345   0.0000175925   0.0001396561   0.0005081148   0.0106273623
903   0.0000568711   0.0000176094   0.0001396460   0.0004397074   0.0106273789
904   0.0000570058   0.0000176270   0.0001396384   -0.0003818230   0.0106273881
905   0.0000567795   0.0000176439   0.0001396280   0.0001706377   0.0106274016
906   0.0000568565   0.0000176609   0.0001396184   -0.0001173772   0.0106274199
907   0.0000568453   0.0000176787   0.0001396118   -0.0006392620   0.0106274276
908   0.0000566265   0.0000176962   0.0001396038   -0.0001914173   0.0106274338
909   0.0000565438   0.0000177132   0.0001395938   -0.0007105746   0.0106274399
910   0.0000563969   0.0000177306   0.0001395858   0.0002413115   0.0106274441
911   0.0000563655   0.0000177467   0.0001395724   0.0006898966   0.0106274434
912   0.0000564060   0.0000177643   0.0001395649   0.0001412708   0.0106274376
913   0.0000564096   0.0000177821   0.0001395585   0.0002398012   0.0106274425
914   0.0000565391   0.0000177996   0.0001395506   0.0005093729   0.0106274551
915   0.0000566291   0.0000178180   0.0001395465   0.0001676313   0.0106274649
916   0.0000565567   0.0000178342   0.0001395337   0.0000895528   0.0106274741
917   0.0000566588   0.0000178524   0.0001395288   0.0002757998   0.0106274880
918   0.0000565706   0.0000178697   0.0001395203   -0.0002203421   0.0106274978
919   0.0000566576   0.0000178872   0.0001395127   0.0002637432   0.0106275197
920   0.0000566809   0.0000179046   0.0001395047   0.0002377226   0.0106275349
921   0.0000566850   0.0000179220   0.0001394966   0.0004640032   0.0106275387
922   0.0000568572   0.0000179404   0.0001394923   0.0001261585   0.0106275503
923   0.0000568908   0.0000179584   0.0001394869   -0.0001695636   0.0106275650
924   0.0000569630   0.0000179766   0.0001394820   0.0002036730   0.0106275825
925   0.0000568499   0.0000179938   0.0001394731   -0.0001801223   0.0106275852
926   0.0000567450   0.0000180113   0.0001394654   -0.0000632478   0.0106275977
927   0.0000567044   0.0000180284   0.0001394565   0.0004015206   0.0106276031
928   0.0000568746   0.0000180466   0.0001394516   0.0000031007   0.0106276054
929   0.0000568019   0.0000180648   0.0001394468   0.0005566062   0.0106276069
930   0.0000569801   0.0000180818   0.0001394373   0.0004930635   0.0106276140
931   0.0000570295   0.0000180986   0.0001394273   -0.0003153922   0.0106276273
932   0.0000570900   0.0000181155   0.0001394174   0.0002505917   0.0106276267
933   0.0000570984   0.0000181339   0.0001394136   -0.0002391291   0.0106276193
934   0.0000571911   0.0000181517   0.0001394070   -0.0001358556   0.0106276217
935   0.0000571031   0.0000181686   0.0001393976   -0.0002363646   0.0106276194
936   0.0000571227   0.0000181868   0.0001393926   0.0004649996   0.0106276315
937   0.0000572995   0.0000182043   0.0001393852   0.0001104395   0.0106276501
938   0.0000572555   0.0000182215   0.0001393767   0.0002655655   0.0106276685
939   0.0000571383   0.0000182390   0.0001393696   0.0006918713   0.0106276731
940   0.0000572354   0.0000182577   0.0001393667   0.0000418869   0.0106276734
941   0.0000572354   0.0000182762   0.0001393632   0.0006348562   0.0106276761
942   0.0000573750   0.0000182954   0.0001393623   0.0003065839   0.0106276809
943   0.0000574743   0.0000183140   0.0001393591   0.0006228202   0.0106277016
944   0.0000575586   0.0000183309   0.0001393498   0.0002212726   0.0106276972
945   0.0000575289   0.0000183496   0.0001393469   -0.0003224599   0.0106276982
946   0.0000573236   0.0000183678   0.0001393424   -0.0003482399   0.0106277039
947   0.0000572048   0.0000183845   0.0001393322   0.0000434545   0.0106277072
948   0.0000571295   0.0000184022   0.0001393255   0.0001533409   0.0106277042
949   0.0000571902   0.0000184202   0.0001393202   0.0006003592   0.0106277075
950   0.0000571673   0.0000184375   0.0001393122   -0.0000602255   0.0106277146
951   0.0000571530   0.0000184571   0.0001393131   -0.0002406051   0.0106277155
952   0.0000571666   0.0000184750   0.0001393072   -0.0000192494   0.0106277205
953   0.0000572154   0.0000184944   0.0001393073   0.0005976963   0.0106277302
954   0.0000573714   0.0000185130   0.0001393040   0.0002114563   0.0106277395
955   0.0000572741   0.0000185295   0.0001392933   0.0004074094   0.0106277365
956   0.0000573587   0.0000185484   0.0001392913   0.0005850634   0.0106277289
957   0.0000573953   0.0000185670   0.0001392882   0.0000577642   0.0106277413
958   0.0000574705   0.0000185852   0.0001392838   -0.0003559207   0.0106277280
959   0.0000574985   0.0000186028   0.0001392771   0.0002838821   0.0106277365
960   0.0000576092   0.0000186214   0.0001392741   0.0006476207   0.0106277417
961   0.0000576367   0.0000186397   0.0001392700   0.0002960272   0.0106277578
962   0.0000576818   0.0000186575   0.0001392639   0.0006200441   0.0106277636
963   0.0000576467   0.0000186760   0.0001392606   0.0004330591   0.0106277773
964   0.0000576362   0.0000186952   0.0001392600   0.0003144043   0.0106277773
965   0.0000577294   0.0000187154   0.0001392631   0.0004290673   0.0106277836
966   0.0000579266   0.0000187342   0.0001392607   0.0004107600   0.0106277886
967   0.0000579715   0.0000187530   0.0001392585   0.0003200504   0.0106277960
968   0.0000581538   0.0000187709   0.0001392530   0.0005835800   0.0106277897
969   0.0000583318   0.0000187894   0.0001392497   0.0001451255   0.0106278124
970   0.0000582772   0.0000188084   0.0001392483   0.0000096341   0.0106278158
971   0.0000582711   0.0000188271   0.0001392458   -0.0001799508   0.0106278199
972   0.0000583731   0.0000188440   0.0001392366   0.0003829196   0.0106278327
973   0.0000583781   0.0000188629   0.0001392346   -0.0001899159   0.0106278447
974   0.0000584082   0.0000188815   0.0001392320   0.0001737615   0.0106278541
975   0.0000583993   0.0000189006   0.0001392307   -0.0001128422   0.0106278628
976   0.0000584885   0.0000189199   0.0001392305   0.0001035222   0.0106278667
977   0.0000584816   0.0000189385   0.0001392278   -0.0000040416   0.0106278659
978   0.0000586190   0.0000189573   0.0001392256   0.0006156058   0.0106278557
979   0.0000587564   0.0000189756   0.0001392214   0.0005478561   0.0106278580
980   0.0000586310   0.0000189942   0.0001392186   0.0000366915   0.0106278718
981   0.0000585470   0.0000190119   0.0001392123   0.0001865766   0.0106278894
982   0.0000584477   0.0000190308   0.0001392107   0.0000500672   0.0106278950
983   0.0000583164   0.0000190499   0.0001392096   -0.0001648262   0.0106279006
984   0.0000581381   0.0000190667   0.0001392004   0.0008456358   0.0106278947
985   0.0000582042   0.0000190848   0.0001391956   -0.0003125816   0.0106278972
986   0.0000582117   0.0000191018   0.0001391870   0.0002662529   0.0106279028
987   0.0000584058   0.0000191200   0.0001391827   0.0000864748   0.0106279037
988   0.0000584727   0.0000191388   0.0001391807   -0.0001978454   0.0106279195
989   0.0000583451   0.0000191574   0.0001391780   -0.0004986839   0.0106279373
990   0.0000581376   0.0000191754   0.0001391730   -0.0004075554   0.0106279277
991   0.0000581778   0.0000191930   0.0001391664   -0.0001356521   0.0106279291
992   0.0000582138   0.0000192119   0.0001391649   0.0002980772   0.0106279378
993   0.0000583985   0.0000192299   0.0001391599   -0.0000731231   0.0106279405
994   0.0000585024   0.0000192496   0.0001391609   0.0003086898   0.0106279504
995   0.0000585472   0.0000192698   0.0001391642   0.0000171158   0.0106279474
996   0.0000585815   0.0000192887   0.0001391623   -0.0002147367   0.0106279524
997   0.0000585776   0.0000193085   0.0001391639   0.0001484557   0.0106279676
998   0.0000584753   0.0000193275   0.0001391627   0.0004659351   0.0106279666
999   0.0000585021   0.0000193458   0.0001391586   0.0003604425   0.0106279761
1000   0.0000585159   0.0000193640   0.0001391547   0.0002060675   0.0106279768
